6,12,4,15375,1249.8,0
6,12,5,15375,1426.24,0
6,12,6,15375,1475.26,0
6,12,7,15375,1342.92,0
6,13,4,15375,1048.85,0
6,13,5,15375,1440.95,0
6,13,6,15375,1690.91,0
6,13,7,15375,1171.38,0
6,15,5,15375,2264.34,0
6,15,6,15375,2646.64,0
6,15,7,15375,3077.94,0
6,16,4,15375,1622.29,0
6,16,5,15375,3670.98,0
6,16,6,15375,2793.67,0
6,16,7,15375,2705.45,0
6,17,4,15375,3842.52,0
6,17,5,15375,5401.1,0
6,17,6,15375,6773.43,0
6,17,7,15375,1602.69,0
7,10,5,15375,1048.85,0
7,10,6,15375,823.4,0
7,10,7,15375,480.32,0
7,10,9,15375,294.07,0
7,11,3,15375,1357.63,0
7,11,4,15375,1455.65,0
7,11,5,15375,553.83,0
7,11,6,15375,720.47,0
7,11,7,15375,823.4,0
7,11,8,15375,774.39,0
7,11,9,15375,730.28,0
7,12,3,15375,1186.09,0
7,12,4,15375,1666.4,0
7,12,5,15375,803.79,0
7,12,6,15375,1867.35,0
7,12,7,15375,1269.41,0
7,12,8,15375,985.14,0
7,12,9,15375,833.2,0
7,13,4,15375,828.3,0
7,13,5,15375,1205.69,0
7,13,6,15375,1141.97,0
7,13,7,15375,1338.02,0
7,13,8,15375,896.92,0
7,13,9,15375,2210.43,0
7,14,4,15375,2656.44,0
7,14,5,15375,1235.1,0
7,14,6,15375,661.66,0
7,14,7,15375,1240.0,0
7,14,8,15375,843.0,0
7,14,9,15375,872.41,0
7,15,5,15375,1328.22,0
7,15,6,15375,3151.46,0
7,15,7,15375,2935.81,0
7,15,8,15375,2764.27,0
7,15,9,15375,4857.07,0
7,16,4,15375,1646.8,0
7,16,5,15375,3720.0,0
7,16,6,15375,3273.99,0
7,16,7,15375,3136.75,0
7,16,8,15375,1303.71,0
7,16,9,15375,1803.63,0
7,17,4,15375,2876.99,0
7,17,5,15375,5489.32,0
7,17,6,15375,4518.89,0
7,17,7,15375,2029.09,0
7,17,8,15375,2602.53,0
7,17,9,15375,1784.03,0
7,18,3,15375,1558.58,0
7,18,4,15375,1161.58,0
7,18,5,15375,990.04,0
7,18,6,15375,2837.78,0
7,18,7,15375,2857.39,0
7,18,8,15375,4499.28,0
7,18,9,15375,1970.27,0
8,10,5,15375,681.26,0
8,10,6,15375,1240.0,0
8,10,7,15375,441.11,0
8,10,9,15375,411.7,0
8,11,3,15375,2205.53,0
8,11,4,15375,1097.86,0
8,11,5,15375,426.4,0
8,11,6,15375,338.18,0
8,11,7,15375,416.6,0
8,11,8,15375,637.15,0
8,11,9,15375,691.07,0
8,11,10,15375,656.76,0
8,12,3,15375,1029.25,0
8,12,4,15375,1308.61,0
8,12,5,15375,941.03,0
8,12,6,15375,2965.21,0
8,12,7,15375,1357.63,0
8,12,8,15375,1303.71,0
8,12,9,15375,622.45,0
8,12,10,15375,1019.45,0
8,13,4,15375,1308.61,0
8,13,5,15375,1190.99,0
8,13,6,15375,1244.9,0
8,13,7,15375,2058.5,0
8,13,8,15375,1014.54,0
8,13,9,15375,1984.98,0
8,13,10,15375,1891.86,0
8,14,4,15375,3048.53,0
8,14,5,15375,1651.7,0
8,14,6,15375,887.11,0
8,14,7,15375,1141.97,0
8,14,8,15375,994.94,0
8,14,9,15375,1097.86,0
8,14,10,15375,1039.05,0
8,15,5,15375,1190.99,0
8,15,6,15375,4053.28,0
8,15,7,15375,2127.11,0
8,15,8,15375,2381.97,0
8,15,9,15375,5254.06,0
8,15,10,15375,2132.01,0
8,16,4,15375,1465.45,0
8,16,5,15375,2759.36,0
8,16,6,15375,4700.23,0
8,16,7,15375,3249.48,0
8,16,8,15375,1141.97,0
8,16,9,15375,1436.05,0
8,16,10,15375,1318.42,0
8,17,4,15375,3695.49,0
8,17,5,15375,4156.2,0
8,17,6,15375,4425.77,0
8,17,7,15375,1779.13,0
8,17,8,15375,2896.6,0
8,17,9,15375,3700.39,0
8,17,10,15375,2867.19,0
8,18,3,15375,1945.77,0
8,18,4,15375,906.72,0
8,18,5,15375,818.5,0
8,18,6,15375,2264.34,0
8,18,7,15375,2783.87,0
8,18,8,15375,4788.45,0
8,18,9,15375,2318.26,0
8,18,10,15375,4626.71,0
8,19,3,15375,401.9,0
8,19,4,15375,2259.44,0
8,19,5,15375,1578.18,0
8,19,6,15375,1117.47,0
8,19,7,15375,441.11,0
8,19,8,15375,2009.48,0
8,19,9,15375,1916.36,0
8,19,10,15375,3803.32,0
9,10,5,15375,710.67,0
9,10,6,15375,1068.46,0
9,11,4,15375,1009.64,0
9,11,5,15375,426.4,0
9,11,6,15375,426.4,0
9,11,7,15375,230.36,0
9,11,8,15375,999.84,0
9,11,9,15375,553.83,0
9,11,10,15375,744.98,0
9,11,11,15375,480.32,0
9,12,4,15375,2195.73,0
9,12,5,15375,1485.06,0
9,12,6,15375,2975.02,0
9,12,7,15375,1014.54,0
9,12,8,15375,730.28,0
9,12,9,15375,382.29,0
9,12,10,15375,828.3,0
9,13,4,15375,1264.5,0
9,13,5,15375,1107.67,0
9,13,6,15375,1774.23,0
9,13,7,15375,1367.43,0
9,13,8,15375,965.53,0
9,13,9,15375,1602.69,0
9,13,10,15375,2264.34,0
9,13,11,15375,838.1,0
9,14,4,15375,2906.4,0
9,14,5,15375,1357.63,0
9,14,6,15375,1480.16,0
9,14,7,15375,1671.3,0
9,14,8,15375,1480.16,0
9,14,9,15375,1514.46,0
9,14,10,15375,798.89,0
9,14,11,15375,1342.92,0
9,15,5,15375,1480.16,0
9,15,6,15375,4499.28,0
9,15,7,15375,1837.94,0
9,15,8,15375,2725.06,0
9,15,9,15375,5513.83,0
9,15,10,15375,3818.02,0
9,15,11,15375,1592.88,0
9,16,4,15375,2244.74,0
9,16,5,15375,2769.17,0
9,16,6,15375,5376.59,0
9,16,7,15375,1764.42,0
9,16,8,15375,1543.87,0
9,16,9,15375,1945.77,0
9,16,10,15375,1504.66,0
9,16,11,15375,1014.54,0
9,17,4,15375,4072.88,0
9,17,5,15375,3896.44,0
9,17,6,15375,3533.75,0
9,17,7,15375,1499.76,0
9,17,8,15375,2435.89,0
9,17,9,15375,4528.69,0
9,17,10,15375,1700.71,0
9,18,4,15375,1146.88,0
9,18,5,15375,1166.48,0
9,18,6,15375,2484.9,0
9,18,7,15375,2504.5,0
9,18,8,15375,4857.07,0
9,18,9,15375,2788.77,0
9,18,10,15375,3984.66,0
9,18,11,15375,1396.84,0
9,19,4,15375,2573.12,0
9,19,5,15375,2313.36,0
9,19,6,15375,1617.39,0
9,19,7,15375,455.81,0
9,19,8,15375,1249.8,0
9,19,9,15375,2685.85,0
9,19,10,15375,3626.87,0
9,19,11,15375,4646.32,0
10,11,3,15375,2342.76,0
10,11,4,15375,852.81,0
10,11,5,15375,289.17,0
10,11,6,15375,347.98,0
10,11,7,15375,235.26,0
10,11,8,15375,1200.79,0
10,11,9,15375,553.83,0
10,12,3,15375,1975.18,0
10,12,4,15375,3028.93,0
10,12,5,15375,2112.41,0
10,12,6,15375,2239.84,0
10,12,7,15375,1009.64,0
10,12,8,15375,627.35,0
10,12,9,15375,480.32,0
10,12,10,15375,720.47,0
10,13,4,15375,1823.24,0
10,13,5,15375,1387.03,0
10,13,6,15375,1901.66,0
10,13,7,15375,1352.73,0
10,13,8,15375,1676.2,0
10,13,9,15375,999.84,0
10,13,10,15375,1646.8,0
10,13,11,15375,896.92,0
10,14,4,15375,2259.44,0
10,14,5,15375,1210.59,0
10,14,6,15375,1440.95,0
10,14,7,15375,2646.64,0
10,14,8,15375,1989.88,0
10,14,9,15375,2778.97,0
10,14,10,15375,911.62,0
10,14,11,15375,1215.49,0
10,15,5,15375,2181.02,0
10,15,6,15375,3273.99,0
10,15,7,15375,1955.57,0
10,15,8,15375,2710.35,0
10,15,9,15375,5783.39,0
10,15,10,15375,6273.51,0
10,15,11,15375,2063.4,0
10,16,4,15375,3376.91,0
10,16,5,15375,2965.21,0
10,16,6,15375,7087.11,0
10,16,7,15375,1617.39,0
10,16,8,15375,1921.26,0
10,16,9,15375,1901.66,0
10,16,10,15375,2499.6,0
10,16,11,15375,1328.22,0
10,17,4,15375,4396.36,0
10,17,5,15375,4489.48,0
10,17,6,15375,2886.79,0
10,17,7,15375,1627.19,0
10,17,8,15375,4210.11,0
10,17,9,15375,4268.93,0
10,17,10,15375,2112.41,0
10,18,3,15375,1543.87,0
10,18,4,15375,1877.15,0
10,18,5,15375,1053.75,0
10,18,6,15375,2254.54,0
10,18,7,15375,1877.15,0
10,18,8,15375,4102.29,0
10,18,9,15375,2480.0,0
10,18,10,15375,3215.17,0
10,18,11,15375,2029.09,0
10,19,3,15375,504.82,0
10,19,4,15375,3685.69,0
10,19,5,15375,2254.54,0
10,19,6,15375,1921.26,0
10,19,7,15375,558.73,0
10,19,8,15375,710.67,0
10,19,9,15375,1984.98,0
10,19,10,15375,2852.49,0
10,19,11,15375,4058.18,0
10,20,3,15375,1352.73,0
10,20,4,15375,2053.59,0
10,20,5,15375,1524.27,0
10,20,6,15375,710.67,0
10,20,7,15375,1583.08,0
10,20,8,15375,2166.32,0
10,20,9,15375,1107.67,0
10,20,10,15375,431.3,0
10,20,11,15375,1014.54,0
11,11,3,15375,2048.69,0
11,11,4,15375,705.77,0
11,11,5,15375,240.16,0
11,11,6,15375,397.0,0
11,11,7,15375,367.59,0
11,11,8,15375,1083.16,0
11,12,3,15375,2514.31,0
11,12,4,15375,2264.34,0
11,12,5,15375,2205.53,0
11,12,6,15375,2029.09,0
11,12,7,15375,1215.49,0
11,12,8,15375,382.29,0
11,12,9,15375,509.72,0
11,12,10,15375,710.67,0
11,13,4,15375,2519.21,0
11,13,5,15375,2342.76,0
11,13,6,15375,1950.67,0
11,13,7,15375,1475.26,0
11,13,8,15375,2440.79,0
11,13,9,15375,1107.67,0
11,13,10,15375,1656.6,0
11,13,11,15375,661.66,0
11,14,4,15375,1788.93,0
11,14,5,15375,1553.67,0
11,14,6,15375,1700.71,0
11,14,7,15375,2906.4,0
11,14,8,15375,2367.27,0
11,14,9,15375,2225.14,0
11,14,10,15375,1225.29,0
11,14,11,15375,1092.96,0
11,15,5,15375,2778.97,0
11,15,6,15375,3048.53,0
11,15,7,15375,2504.5,0
11,15,8,15375,1686.01,0
11,15,9,15375,5190.35,0
11,15,10,15375,5557.94,0
11,15,11,15375,2171.22,0
11,16,4,15375,3528.85,0
11,16,5,15375,4616.91,0
11,16,6,15375,4896.28,0
11,16,7,15375,2308.46,0
11,16,8,15375,2504.5,0
11,16,9,15375,2264.34,0
11,16,10,15375,2450.59,0
11,16,11,15375,1362.53,0
11,17,4,15375,3832.72,0
11,17,5,15375,3043.63,0
11,17,6,15375,2391.78,0
11,17,7,15375,1524.27,0
11,17,8,15375,5886.32,0
11,17,9,15375,3945.45,0
11,17,10,15375,2332.96,0
11,18,3,15375,1524.27,0
11,18,4,15375,1186.09,0
11,18,5,15375,661.66,0
11,18,6,15375,1686.01,0
11,18,7,15375,1636.99,0
11,18,8,15375,4675.73,0
11,18,9,15375,2416.28,0
11,18,10,15375,2857.39,0
11,18,11,15375,4200.31,0
11,19,3,15375,588.14,0
11,19,4,15375,4788.45,0
11,19,5,15375,2734.86,0
11,19,6,15375,1553.67,0
11,19,7,15375,661.66,0
11,19,8,15375,764.58,0
11,19,9,15375,1480.16,0
11,19,10,15375,2215.33,0
11,19,11,15375,3597.47,0
11,20,3,15375,1342.92,0
11,20,4,15375,1592.88,0
11,20,5,15375,1274.31,0
11,20,6,15375,720.47,0
11,20,7,15375,1725.22,0
11,20,8,15375,2754.46,0
11,20,9,15375,1382.13,0
11,20,10,15375,392.09,0
11,20,11,15375,744.98,0
12,11,3,15375,1686.01,0
12,11,4,15375,627.35,0
12,11,5,15375,215.65,0
12,11,6,15375,294.07,0
12,11,7,15375,617.55,0
12,11,8,15375,1171.38,0
12,12,3,15375,2117.31,0
12,12,4,15375,1676.2,0
12,12,5,15375,1901.66,0
12,12,6,15375,1450.75,0
12,12,7,15375,1460.55,0
12,12,8,15375,352.88,0
12,12,9,15375,450.91,0
12,12,10,15375,416.6,0
12,13,4,15375,2651.54,0
12,13,5,15375,3308.3,0
12,13,6,15375,2092.8,0
12,13,7,15375,1431.14,0
12,13,8,15375,2332.96,0
12,13,9,15375,877.31,0
12,13,10,15375,2764.27,0
12,13,11,15375,558.73,0
12,14,4,15375,1489.96,0
12,14,5,15375,1264.5,0
12,14,6,15375,1955.57,0
12,14,7,15375,2994.62,0
12,14,8,15375,1989.88,0
12,14,9,15375,2029.09,0
12,14,10,15375,1960.47,0
12,14,11,15375,926.32,0
12,15,5,15375,3808.22,0
12,15,6,15375,3269.09,0
12,15,7,15375,3690.59,0
12,15,8,15375,2891.7,0
12,15,9,15375,3974.86,0
12,15,10,15375,3318.1,0
12,15,11,15375,2729.96,0
12,16,4,15375,2720.15,0
12,16,5,15375,6489.16,0
12,16,6,15375,5371.69,0
12,16,7,15375,2916.2,0
12,16,8,15375,2563.32,0
12,16,9,15375,4082.68,0
12,16,10,15375,3205.37,0
12,16,11,15375,3234.78,0
12,17,4,15375,3136.75,0
12,17,5,15375,1784.03,0
12,17,6,15375,2136.91,0
12,17,7,15375,1636.99,0
12,17,8,15375,4837.46,0
12,17,9,15375,3612.17,0
12,17,10,15375,3185.77,0
12,18,3,15375,1186.09,0
12,18,4,15375,607.75,0
12,18,5,15375,597.94,0
12,18,6,15375,2215.33,0
12,18,7,15375,1710.51,0
12,18,8,15375,2975.02,0
12,18,9,15375,2661.34,0
12,18,10,15375,1916.36,0
12,18,11,15375,4102.29,0
12,19,3,15375,720.47,0
12,19,4,15375,3969.96,0
12,19,5,15375,2514.31,0
12,19,6,15375,725.37,0
12,19,7,15375,495.02,0
12,19,8,15375,470.51,0
12,19,9,15375,1176.28,0
12,19,10,15375,2136.91,0
12,19,11,15375,3994.46,0
12,20,4,15375,990.04,0
12,20,5,15375,1190.99,0
12,20,6,15375,284.27,0
12,20,7,15375,2342.76,0
12,20,8,15375,2234.94,0
12,20,9,15375,1161.58,0
12,20,10,15375,465.61,0
12,20,11,15375,666.56,0
13,11,4,15375,519.53,0
13,11,5,15375,151.94,0
13,11,6,15375,259.76,0
13,11,7,15375,691.07,0
13,12,4,15375,828.3,0
13,12,5,15375,1656.6,0
13,12,6,15375,1382.13,0
13,12,7,15375,1597.78,0
13,12,8,15375,347.98,0
13,12,9,15375,338.18,0
13,12,10,15375,387.19,0
13,13,4,15375,2759.36,0
13,13,5,15375,4896.28,0
13,13,6,15375,3200.47,0
13,13,7,15375,1387.03,0
13,13,8,15375,2357.47,0
13,13,9,15375,950.83,0
13,13,10,15375,2146.72,0
13,14,4,15375,1583.08,0
13,14,5,15375,2136.91,0
13,14,6,15375,2837.78,0
13,14,7,15375,2631.93,0
13,14,8,15375,2195.73,0
13,14,9,15375,1538.97,0
13,14,10,15375,2808.38,0
13,15,5,15375,4411.06,0
13,15,6,15375,2876.99,0
13,15,7,15375,4200.31,0
13,15,8,15375,2778.97,0
13,15,9,15375,2906.4,0
13,15,10,15375,2916.2,0
13,16,4,15375,3082.84,0
13,16,5,15375,5636.36,0
13,16,6,15375,6170.58,0
13,16,7,15375,2715.25,0
13,16,8,15375,2328.06,0
13,16,9,15375,3818.02,0
13,16,10,15375,3661.18,0
13,17,4,15375,3690.59,0
13,17,5,15375,1597.78,0
13,17,6,15375,2460.39,0
13,17,7,15375,1431.14,0
13,17,8,15375,4754.14,0
13,17,9,15375,3376.91,0
13,17,10,15375,2764.27,0
13,18,4,15375,588.14,0
13,18,5,15375,1646.8,0
13,18,6,15375,1754.62,0
13,18,7,15375,2617.23,0
13,18,8,15375,1945.77,0
13,18,9,15375,2754.46,0
13,18,10,15375,1543.87,0
13,19,4,15375,2911.3,0
13,19,5,15375,1754.62,0
13,19,6,15375,818.5,0
13,19,7,15375,534.23,0
13,19,8,15375,362.69,0
13,19,9,15375,872.41,0
13,19,10,15375,2533.91,0
13,20,5,15375,803.79,0
13,20,6,15375,205.85,0
13,20,7,15375,2886.79,0
13,20,8,15375,1681.1,0
13,20,9,15375,1377.23,0
13,20,10,15375,862.61,0
14,11,5,15375,205.85,0
14,11,6,15375,264.66,0
14,12,5,15375,1597.78,0
14,12,6,15375,1190.99,0
14,12,7,15375,2087.9,0
14,12,8,15375,274.47,0
14,12,9,15375,210.75,0
14,12,10,15375,303.87,0
14,13,5,15375,5440.31,0
14,13,6,15375,2239.84,0
14,13,7,15375,1842.84,0
14,13,8,15375,2744.66,0
14,13,9,15375,1029.25,0
14,13,10,15375,1543.87,0
14,13,11,15375,1249.8,0
14,14,5,15375,2729.96,0
14,14,6,15375,2725.06,0
14,14,7,15375,1926.16,0
14,14,8,15375,2435.89,0
14,14,9,15375,1573.28,0
14,14,10,15375,3097.55,0
14,14,11,15375,1166.48,0
14,15,5,15375,3156.36,0
14,15,6,15375,2823.08,0
14,15,7,15375,4170.9,0
14,15,8,15375,3278.89,0
14,15,9,15375,2906.4,0
14,15,10,15375,2127.11,0
14,15,11,15375,1955.57,0
14,16,5,15375,5209.95,0
14,16,6,15375,4376.75,0
14,16,7,15375,2955.41,0
14,16,8,15375,3695.49,0
14,16,9,15375,3945.45,0
14,16,10,15375,3749.4,0
14,16,11,15375,5459.91,0
14,17,5,15375,2283.95,0
14,17,6,15375,3435.73,0
14,17,7,15375,1999.68,0
14,17,8,15375,4401.26,0
14,17,9,15375,3190.67,0
14,17,10,15375,2984.82,0
14,18,5,15375,1867.35,0
14,18,6,15375,1681.1,0
14,18,7,15375,1534.07,0
14,18,8,15375,1950.67,0
14,18,9,15375,2514.31,0
14,18,10,15375,1578.18,0
14,18,11,15375,3930.75,0
14,19,5,15375,1837.94,0
14,19,6,15375,1656.6,0
14,19,7,15375,671.46,0
14,19,8,15375,421.5,0
14,19,9,15375,735.18,0
14,19,10,15375,1333.12,0
14,19,11,15375,2357.47,0
14,20,6,15375,323.48,0
14,20,7,15375,2857.39,0
14,20,8,15375,1632.09,0
14,20,9,15375,2377.07,0
14,20,10,15375,1029.25,0
14,20,11,15375,264.66,0
15,11,5,15375,112.73,0
15,11,6,15375,264.66,0
15,12,5,15375,1534.07,0
15,12,6,15375,980.24,0
15,12,7,15375,813.6,0
15,12,8,15375,200.95,0
15,12,9,15375,142.13,0
15,12,10,15375,171.54,0
15,13,5,15375,4597.31,0
15,13,6,15375,1636.99,0
15,13,7,15375,1681.1,0
15,13,8,15375,1607.59,0
15,13,9,15375,1298.81,0
15,13,10,15375,1166.48,0
15,13,11,15375,416.6,0
15,14,5,15375,3430.83,0
15,14,6,15375,2087.9,0
15,14,7,15375,1862.45,0
15,14,8,15375,2739.76,0
15,14,9,15375,1244.9,0
15,14,10,15375,2210.43,0
15,14,11,15375,2244.74,0
15,15,5,15375,3249.48,0
15,15,6,15375,4063.08,0
15,15,7,15375,4151.3,0
15,15,8,15375,4151.3,0
15,15,9,15375,2504.5,0
15,15,10,15375,1597.78,0
15,15,11,15375,2063.4,0
15,16,5,15375,5479.52,0
15,16,6,15375,3024.03,0
15,16,7,15375,2837.78,0
15,16,8,15375,3675.88,0
15,16,9,15375,4857.07,0
15,16,10,15375,4984.5,0
15,16,11,15375,5758.89,0
15,17,5,15375,2146.72,0
15,17,6,15375,3053.43,0
15,17,7,15375,2857.39,0
15,17,8,15375,5038.41,0
15,17,9,15375,3249.48,0
15,17,10,15375,3141.66,0
15,18,5,15375,1431.14,0
15,18,6,15375,1489.96,0
15,18,7,15375,1156.68,0
15,18,8,15375,1837.94,0
15,18,9,15375,1186.09,0
15,18,10,15375,1259.6,0
15,18,11,15375,2396.68,0
15,19,5,15375,1524.27,0
15,19,6,15375,2058.5,0
15,19,7,15375,784.19,0
15,19,8,15375,465.61,0
15,19,9,15375,803.79,0
15,19,10,15375,926.32,0
15,19,11,15375,1097.86,0
15,20,7,15375,3514.15,0
15,20,8,15375,1813.44,0
15,20,9,15375,3357.31,0
15,20,10,15375,1739.92,0
15,20,11,15375,455.81,0
16,10,3,15375,421.5,0
16,11,3,15375,637.15,0
16,11,4,15375,225.45,0
16,11,5,15375,166.64,0
16,11,6,15375,225.45,0
16,12,3,15375,1303.71,0
16,12,4,15375,681.26,0
16,12,5,15375,1122.37,0
16,12,6,15375,744.98,0
16,12,7,15375,465.61,0
16,12,8,15375,210.75,0
16,12,9,15375,117.63,0
16,12,10,15375,147.04,0
16,13,4,15375,3798.41,0
16,13,5,15375,4940.39,0
16,13,6,15375,2906.4,0
16,13,7,15375,1235.1,0
16,13,8,15375,1259.6,0
16,13,9,15375,1470.35,0
16,13,10,15375,950.83,0
16,13,11,15375,249.96,0
16,14,4,15375,4567.9,0
16,14,5,15375,2332.96,0
16,14,6,15375,2700.55,0
16,14,7,15375,1994.78,0
16,14,8,15375,3224.98,0
16,14,9,15375,1107.67,0
16,14,10,15375,2264.34,0
16,14,11,15375,2509.4,0
16,15,5,15375,3960.15,0
16,15,6,15375,5126.63,0
16,15,7,15375,3381.81,0
16,15,8,15375,3131.85,0
16,15,9,15375,2171.22,0
16,15,10,15375,1499.76,0
16,15,11,15375,1171.38,0
16,16,4,15375,5680.47,0
16,16,5,15375,5989.24,0
16,16,6,15375,3646.48,0
16,16,7,15375,4587.5,0
16,16,8,15375,4572.8,0
16,16,9,15375,4734.54,0
16,16,10,15375,4411.06,0
16,16,11,15375,4215.01,0
16,17,4,15375,1803.63,0
16,17,5,15375,2524.11,0
16,17,6,15375,3313.2,0
16,17,7,15375,2151.62,0
16,17,8,15375,2965.21,0
16,17,9,15375,2685.85,0
16,17,10,15375,4798.25,0
16,18,3,15375,2083.0,0
16,18,4,15375,1323.32,0
16,18,5,15375,1387.03,0
16,18,6,15375,1607.59,0
16,18,7,15375,1230.2,0
16,18,8,15375,1882.05,0
16,18,9,15375,1097.86,0
16,18,10,15375,828.3,0
16,18,11,15375,1994.78,0
16,19,5,15375,1671.3,0
16,19,6,15375,1548.77,0
16,19,7,15375,921.42,0
16,19,8,15375,867.51,0
16,19,9,15375,637.15,0
16,19,10,15375,798.89,0
16,19,11,15375,1190.99,0
16,20,7,15375,3073.04,0
16,20,8,15375,1333.12,0
16,20,9,15375,4317.94,0
16,20,10,15375,2680.95,0
16,20,11,15375,695.97,0
17,10,3,15375,245.06,0
17,11,3,15375,921.42,0
17,11,4,15375,205.85,0
17,11,5,15375,181.34,0
17,11,6,15375,147.04,0
17,12,3,15375,1475.26,0
17,12,4,15375,583.24,0
17,12,5,15375,710.67,0
17,12,6,15375,612.65,0
17,12,7,15375,455.81,0
17,12,8,15375,294.07,0
17,12,9,15375,93.12,0
17,12,10,15375,98.02,0
17,13,4,15375,2573.12,0
17,13,5,15375,4136.6,0
17,13,6,15375,2729.96,0
17,13,7,15375,553.83,0
17,13,8,15375,1421.34,0
17,13,9,15375,921.42,0
17,13,10,15375,857.71,0
17,13,11,15375,254.86,0
17,14,4,15375,5160.94,0
17,14,5,15375,2220.23,0
17,14,6,15375,2989.72,0
17,14,7,15375,1926.16,0
17,14,8,15375,2994.62,0
17,14,9,15375,1289.01,0
17,14,10,15375,1338.02,0
17,14,11,15375,1994.78,0
17,15,5,15375,3778.81,0
17,15,6,15375,6180.39,0
17,15,7,15375,2102.61,0
17,15,8,15375,2136.91,0
17,15,9,15375,3053.43,0
17,15,10,15375,1460.55,0
17,15,11,15375,994.94,0
17,16,4,15375,5214.85,0
17,16,5,15375,2759.36,0
17,16,6,15375,4788.45,0
17,16,7,15375,7650.74,0
17,16,8,15375,5386.4,0
17,16,9,15375,4415.96,0
17,16,10,15375,2671.14,0
17,16,11,15375,2465.29,0
17,17,4,15375,1240.0,0
17,17,5,15375,3749.4,0
17,17,6,15375,3077.94,0
17,17,7,15375,1587.98,0
17,17,8,15375,1931.06,0
17,17,9,15375,2337.86,0
17,17,10,15375,6695.01,0
17,18,3,15375,1411.54,0
17,18,4,15375,2440.79,0
17,18,5,15375,774.39,0
17,18,6,15375,1137.07,0
17,18,7,15375,833.2,0
17,18,8,15375,1122.37,0
17,18,9,15375,1029.25,0
17,18,10,15375,906.72,0
17,18,11,15375,1916.36,0
18,10,3,15375,245.06,0
18,11,3,15375,769.49,0
18,11,4,15375,294.07,0
18,11,5,15375,249.96,0
18,11,6,15375,210.75,0
18,12,3,15375,1524.27,0
18,12,4,15375,617.55,0
18,12,5,15375,524.43,0
18,12,6,15375,828.3,0
18,12,7,15375,602.85,0
18,12,8,15375,509.72,0
18,12,9,15375,166.64,0
18,12,10,15375,112.73,0
18,13,4,15375,1926.16,0
18,13,5,15375,3126.95,0
18,13,6,15375,2156.52,0
18,13,7,15375,558.73,0
18,13,8,15375,1014.54,0
18,13,9,15375,1048.85,0
18,13,10,15375,887.11,0
18,13,11,15375,284.27,0
18,14,4,15375,5479.52,0
18,14,5,15375,2514.31,0
18,14,6,15375,2705.45,0
18,14,7,15375,2004.58,0
18,14,8,15375,4798.25,0
18,14,9,15375,1656.6,0
18,14,10,15375,999.84,0
18,14,11,15375,1769.33,0
18,15,5,15375,2798.57,0
18,15,6,15375,4798.25,0
18,15,7,15375,2470.19,0
18,15,8,15375,2068.3,0
18,15,9,15375,2867.19,0
18,15,10,15375,921.42,0
18,15,11,15375,1455.65,0
18,16,4,15375,3239.68,0
18,16,5,15375,2362.37,0
18,16,6,15375,3857.23,0
18,16,7,15375,8096.75,0
18,16,8,15375,6567.58,0
18,16,9,15375,5430.51,0
18,16,10,15375,2200.63,0
18,16,11,15375,2092.8,0
18,17,4,15375,1137.07,0
18,17,5,15375,2450.59,0
18,17,6,15375,1445.85,0
18,17,7,15375,1710.51,0
18,17,8,15375,1200.79,0
18,17,9,15375,2754.46,0
18,17,10,15375,6665.6,0
18,18,3,15375,1303.71,0
18,18,4,15375,1460.55,0
18,18,5,15375,867.51,0
18,18,6,15375,1014.54,0
18,18,7,15375,1215.49,0
18,18,8,15375,847.9,0
18,18,9,15375,548.93,0
18,18,10,15375,906.72,0
18,18,11,15375,1627.19,0
18,19,5,15375,1043.95,0
18,19,6,15375,1774.23,0
18,19,7,15375,901.82,0
18,19,8,15375,1176.28,0
18,19,9,15375,343.08,0
18,19,10,15375,1485.06,0
18,19,11,15375,2097.7,0
19,11,3,15375,681.26,0
19,11,4,15375,759.68,0
19,11,5,15375,274.47,0
19,11,6,15375,382.29,0
19,12,3,15375,931.22,0
19,12,4,15375,421.5,0
19,12,5,15375,597.94,0
19,12,6,15375,847.9,0
19,12,7,15375,759.68,0
19,12,8,15375,446.01,0
19,12,9,15375,196.05,0
19,13,4,15375,1445.85,0
19,13,5,15375,3318.1,0
19,13,6,15375,1372.33,0
19,13,7,15375,749.88,0
19,13,8,15375,661.66,0
19,13,9,15375,990.04,0
19,13,10,15375,769.49,0
19,13,11,15375,392.09,0
19,14,4,15375,5092.33,0
19,14,5,15375,4317.94,0
19,14,6,15375,3038.73,0
19,14,7,15375,3528.85,0
19,14,8,15375,4680.63,0
19,14,9,15375,1828.14,0
19,14,10,15375,1171.38,0
19,14,11,15375,1460.55,0
19,15,5,15375,3494.54,0
19,15,6,15375,4445.37,0
19,15,7,15375,4048.37,0
19,15,8,15375,3479.84,0
19,15,9,15375,3161.26,0
19,15,10,15375,1445.85,0
19,15,11,15375,2298.65,0
19,16,4,15375,2813.28,0
19,16,5,15375,1911.46,0
19,16,6,15375,4278.73,0
19,16,7,15375,7042.99,0
19,16,8,15375,6097.07,0
19,16,9,15375,5067.82,0
19,16,10,15375,2430.99,0
19,16,11,15375,2857.39,0
19,17,4,15375,1313.52,0
19,17,5,15375,1426.24,0
19,17,6,15375,1333.12,0
19,17,7,15375,1754.62,0
19,17,8,15375,1450.75,0
19,17,9,15375,4028.77,0
19,17,10,15375,5043.31,0
19,18,3,15375,1489.96,0
19,18,4,15375,1308.61,0
19,18,5,15375,1215.49,0
19,18,6,15375,1813.44,0
19,18,7,15375,2249.64,0
19,18,8,15375,740.08,0
19,18,9,15375,553.83,0
19,18,10,15375,695.97,0
19,18,11,15375,1828.14,0
19,19,4,15375,710.67,0
19,19,5,15375,965.53,0
19,19,6,15375,1235.1,0
19,19,7,15375,1088.06,0
19,19,8,15375,1627.19,0
19,19,9,15375,372.49,0
19,19,10,15375,2048.69,0
19,19,11,15375,2372.17,0
19,20,6,15375,602.85,0
19,20,7,15375,2122.21,0
19,20,8,15375,1480.16,0
19,20,9,15375,4646.32,0
19,20,10,15375,1646.8,0
19,20,11,15375,1190.99,0
20,11,3,15375,607.75,0
20,11,4,15375,539.13,0
20,12,3,15375,779.29,0
20,12,4,15375,392.09,0
20,12,5,15375,627.35,0
20,12,6,15375,558.73,0
20,12,7,15375,651.86,0
20,12,8,15375,553.83,0
20,12,9,15375,377.39,0
20,13,4,15375,1695.81,0
20,13,5,15375,2587.82,0
20,13,6,15375,960.63,0
20,13,7,15375,941.03,0
20,13,8,15375,784.19,0
20,13,9,15375,1112.57,0
20,13,10,15375,725.37,0
20,13,11,15375,352.88,0
20,14,4,15375,3087.74,0
20,14,5,15375,4778.65,0
20,14,6,15375,3102.45,0
20,14,7,15375,4244.42,0
20,14,8,15375,4930.59,0
20,14,9,15375,1984.98,0
20,14,10,15375,1117.47,0
20,14,11,15375,1646.8,0
20,15,5,15375,3602.37,0
20,15,6,15375,3788.61,0
20,15,7,15375,4842.37,0
20,15,8,15375,4126.79,0
20,15,9,15375,2813.28,0
20,15,10,15375,1127.27,0
20,15,11,15375,2156.52,0
20,16,4,15375,1911.46,0
20,16,5,15375,1774.23,0
20,16,6,15375,4675.73,0
20,16,7,15375,4871.77,0
20,16,8,15375,5974.54,0
20,16,9,15375,2940.71,0
20,16,10,15375,3019.13,0
20,16,11,15375,5268.77,0
20,17,4,15375,2862.29,0
20,17,5,15375,1352.73,0
20,17,6,15375,1117.47,0
20,17,7,15375,1308.61,0
20,17,8,15375,1485.06,0
20,17,9,15375,5018.81,0
20,17,10,15375,5631.46,0
20,18,3,15375,931.22,0
20,18,4,15375,1823.24,0
20,18,5,15375,2230.04,0
20,18,6,15375,1837.94,0
20,18,7,15375,2970.11,0
20,18,8,15375,617.55,0
20,18,9,15375,906.72,0
20,18,10,15375,1254.7,0
20,18,11,15375,1117.47,0
20,19,4,15375,431.3,0
20,19,5,15375,691.07,0
20,19,6,15375,911.62,0
20,19,7,15375,1636.99,0
20,19,8,15375,1333.12,0
20,19,9,15375,504.82,0
20,19,10,15375,2283.95,0
20,19,11,15375,1372.33,0
20,20,6,15375,558.73,0
20,20,7,15375,1097.86,0
20,20,8,15375,1303.71,0
20,20,9,15375,4244.42,0
20,20,10,15375,1754.62,0
20,20,11,15375,1014.54,0
21,12,3,15375,803.79,0
21,12,4,15375,499.92,0
21,12,5,15375,656.76,0
21,12,6,15375,676.36,0
21,12,7,15375,612.65,0
21,13,4,15375,1641.9,0
21,13,5,15375,1798.73,0
21,13,6,15375,862.61,0
21,13,7,15375,1313.52,0
21,13,8,15375,1083.16,0
21,13,9,15375,1107.67,0
21,13,10,15375,612.65,0
21,13,11,15375,254.86,0
21,14,4,15375,2401.58,0
21,14,5,15375,4038.57,0
21,14,6,15375,3479.84,0
21,14,7,15375,3033.83,0
21,14,8,15375,4744.34,0
21,14,9,15375,2651.54,0
21,14,10,15375,1382.13,0
21,14,11,15375,1921.26,0
21,15,5,15375,5234.46,0
21,15,6,15375,2666.24,0
21,15,7,15375,3376.91,0
21,15,8,15375,3680.79,0
21,15,9,15375,2705.45,0
21,15,10,15375,1686.01,0
21,15,11,15375,1298.81,0
21,16,4,15375,1553.67,0
21,16,5,15375,3621.97,0
21,16,6,15375,3538.65,0
21,16,7,15375,3670.98,0
21,16,8,15375,6347.03,0
21,16,9,15375,3151.46,0
21,16,10,15375,3234.78,0
21,16,11,15375,6435.25,0
21,17,4,15375,3416.12,0
21,17,5,15375,2029.09,0
21,17,6,15375,1436.05,0
21,17,7,15375,2166.32,0
21,17,8,15375,1097.86,0
21,17,9,15375,5945.13,0
21,17,10,15375,4161.1,0
21,18,3,15375,1058.65,0
21,18,4,15375,1426.24,0
21,18,5,15375,2475.1,0
21,18,6,15375,1715.41,0
21,18,7,15375,3166.16,0
21,18,8,15375,754.78,0
21,18,9,15375,798.89,0
21,18,10,15375,1421.34,0
21,18,11,15375,1029.25,0
21,19,5,15375,588.14,0
21,19,6,15375,524.43,0
21,19,7,15375,2470.19,0
21,19,8,15375,1014.54,0
21,19,9,15375,588.14,0
21,19,10,15375,1411.54,0
21,19,11,15375,744.98,0
21,20,7,15375,730.28,0
21,20,8,15375,1387.03,0
21,20,9,15375,3906.24,0
21,20,10,15375,1636.99,0
21,20,11,15375,744.98,0
22,12,3,15375,803.79,0
22,12,4,15375,426.4,0
22,13,4,15375,1372.33,0
22,13,5,15375,1039.05,0
22,13,6,15375,843.0,0
22,13,7,15375,1107.67,0
22,13,8,15375,1308.61,0
22,13,9,15375,970.43,0
22,14,4,15375,1906.56,0
22,14,5,15375,2901.5,0
22,14,6,15375,2739.76,0
22,14,7,15375,2156.52,0
22,14,8,15375,2381.97,0
22,14,9,15375,1833.04,0
22,14,10,15375,1421.34,0
22,15,5,15375,5989.24,0
22,15,6,15375,3195.57,0
22,15,7,15375,2837.78,0
22,15,8,15375,2744.66,0
22,15,9,15375,2136.91,0
22,15,10,15375,1558.58,0
22,16,4,15375,1592.88,0
22,16,5,15375,4597.31,0
22,16,6,15375,3455.33,0
22,16,7,15375,2700.55,0
22,16,8,15375,7258.65,0
22,16,9,15375,2769.17,0
22,16,10,15375,2480.0,0
22,17,4,15375,3009.32,0
22,17,5,15375,2239.84,0
22,17,6,15375,2465.29,0
22,17,7,15375,2651.54,0
22,17,8,15375,1333.12,0
22,17,9,15375,4381.65,0
22,17,10,15375,4170.9,0
22,18,3,15375,1176.28,0
22,18,4,15375,896.92,0
22,18,5,15375,1720.31,0
22,18,6,15375,1151.78,0
22,18,7,15375,3479.84,0
22,18,8,15375,950.83,0
22,18,9,15375,803.79,0
22,18,10,15375,2166.32,0
22,19,5,15375,436.2,0
22,19,6,15375,548.93,0
22,19,7,15375,1632.09,0
22,19,8,15375,970.43,0
22,19,9,15375,798.89,0
22,19,10,15375,847.9,0
22,20,7,15375,602.85,0
22,20,8,15375,906.72,0
22,20,9,15375,1215.49,0
22,20,10,15375,774.39,0
23,13,4,15375,1186.09,0
23,13,5,15375,808.69,0
23,13,6,15375,882.21,0
23,13,7,15375,455.81,0
23,14,4,15375,1347.82,0
23,14,5,15375,2729.96,0
23,14,6,15375,2004.58,0
23,14,7,15375,1284.11,0
23,14,8,15375,1024.35,0
23,14,9,15375,1156.68,0
23,14,10,15375,862.61,0
23,14,11,15375,2009.48,0
23,15,5,15375,4126.79,0
23,15,6,15375,4009.16,0
23,15,7,15375,2563.32,0
23,15,8,15375,1568.38,0
23,15,9,15375,2112.41,0
23,15,10,15375,985.14,0
23,15,11,15375,872.41,0
23,16,4,15375,2386.87,0
23,16,5,15375,5013.91,0
23,16,6,15375,2695.65,0
23,16,7,15375,2548.61,0
23,16,8,15375,4464.97,0
23,16,9,15375,3783.71,0
23,16,10,15375,4048.37,0
23,16,11,15375,2867.19,0
23,17,4,15375,2901.5,0
23,17,5,15375,1769.33,0
23,17,6,15375,2911.3,0
23,17,7,15375,2357.47,0
23,17,8,15375,1735.02,0
23,17,9,15375,3533.75,0
23,17,10,15375,3318.1,0
23,18,4,15375,700.87,0
23,18,5,15375,1774.23,0
23,18,6,15375,1004.74,0
23,18,7,15375,2827.98,0
23,18,8,15375,833.2,0
23,18,9,15375,1244.9,0
23,18,10,15375,2680.95,0
23,18,11,15375,1950.67,0
23,19,6,15375,460.71,0
23,19,7,15375,509.72,0
23,19,8,15375,1024.35,0
23,19,9,15375,936.13,0
23,19,10,15375,896.92,0
23,19,11,15375,906.72,0
23,20,8,15375,710.67,0
23,20,9,15375,1009.64,0
23,20,10,15375,284.27,0
23,20,11,15375,431.3,0
24,13,4,15375,950.83,0
24,13,5,15375,686.17,0
24,13,6,15375,994.94,0
24,13,7,15375,220.55,0
24,14,4,15375,1568.38,0
24,14,5,15375,2328.06,0
24,14,6,15375,1779.13,0
24,14,7,15375,1328.22,0
24,14,8,15375,539.13,0
24,14,9,15375,485.22,0
24,14,10,15375,514.62,0
24,14,11,15375,2220.23,0
24,15,5,15375,2450.59,0
24,15,6,15375,3769.01,0
24,15,7,15375,2029.09,0
24,15,8,15375,1220.39,0
24,15,9,15375,2283.95,0
24,15,10,15375,779.29,0
24,15,11,15375,548.93,0
24,16,4,15375,3357.31,0
24,16,5,15375,3666.08,0
24,16,6,15375,1935.97,0
24,16,7,15375,2940.71,0
24,16,8,15375,3764.11,0
24,16,9,15375,4234.62,0
24,16,10,15375,5136.44,0
24,16,11,15375,1529.17,0
24,17,4,15375,3876.83,0
24,17,5,15375,1882.05,0
24,17,6,15375,3190.67,0
24,17,7,15375,3435.73,0
24,17,8,15375,2823.08,0
24,17,9,15375,2519.21,0
24,17,10,15375,4170.9,0
24,18,3,15375,960.63,0
24,18,4,15375,715.57,0
24,18,5,15375,2087.9,0
24,18,6,15375,1141.97,0
24,18,7,15375,3592.56,0
24,18,8,15375,2078.1,0
24,18,9,15375,1872.25,0
24,18,10,15375,3553.36,0
24,18,11,15375,3068.14,0
24,19,5,15375,539.13,0
24,19,6,15375,485.22,0
24,19,7,15375,313.68,0
24,19,8,15375,985.14,0
24,19,9,15375,999.84,0
24,19,10,15375,1053.75,0
24,19,11,15375,1269.41,0
24,20,7,15375,593.04,0
24,20,8,15375,945.93,0
24,20,9,15375,681.26,0
24,20,10,15375,156.84,0
24,20,11,15375,352.88,0
25,13,4,15375,960.63,0
25,13,5,15375,793.99,0
25,13,6,15375,1195.89,0
25,14,4,15375,1803.63,0
25,14,5,15375,2332.96,0
25,14,6,15375,1543.87,0
25,14,7,15375,1617.39,0
25,14,8,15375,475.41,0
25,14,9,15375,362.69,0
25,14,10,15375,210.75,0
25,14,11,15375,666.56,0
25,15,5,15375,2646.64,0
25,15,6,15375,3705.29,0
25,15,7,15375,2068.3,0
25,15,8,15375,1293.91,0
25,15,9,15375,2024.19,0
25,15,10,15375,715.57,0
25,15,11,15375,700.87,0
25,16,4,15375,4435.57,0
25,16,5,15375,2259.44,0
25,16,6,15375,1813.44,0
25,16,7,15375,3068.14,0
25,16,8,15375,2832.88,0
25,16,9,15375,4685.53,0
25,16,10,15375,3499.44,0
25,16,11,15375,1406.64,0
25,17,4,15375,4866.87,0
25,17,5,15375,3945.45,0
25,17,6,15375,2774.07,0
25,17,7,15375,3474.94,0
25,17,8,15375,2494.7,0
25,17,9,15375,2921.1,0
25,17,10,15375,3411.22,0
25,18,3,15375,926.32,0
25,18,4,15375,695.97,0
25,18,5,15375,3220.07,0
25,18,6,15375,965.53,0
25,18,7,15375,3538.65,0
25,18,8,15375,2999.52,0
25,18,9,15375,3014.23,0
25,18,10,15375,3146.56,0
25,18,11,15375,2886.79,0
25,19,4,15375,495.02,0
25,19,5,15375,1088.06,0
25,19,6,15375,553.83,0
25,19,7,15375,303.87,0
25,19,8,15375,975.33,0
25,19,9,15375,838.1,0
25,19,10,15375,2190.83,0
25,19,11,15375,1568.38,0
25,20,6,15375,1519.37,0
25,20,7,15375,1132.17,0
25,20,8,15375,1161.58,0
25,20,9,15375,847.9,0
25,20,10,15375,132.33,0
25,20,11,15375,397.0,0
26,13,4,15375,705.77,0
26,13,5,15375,1186.09,0
26,13,6,15375,1195.89,0
26,13,7,15375,127.43,0
26,14,4,15375,3396.52,0
26,14,5,15375,2798.57,0
26,14,6,15375,1759.52,0
26,14,7,15375,1333.12,0
26,14,8,15375,465.61,0
26,14,9,15375,632.25,0
26,14,10,15375,151.94,0
26,14,11,15375,362.69,0
26,15,5,15375,2685.85,0
26,15,6,15375,2734.86,0
26,15,7,15375,2886.79,0
26,15,8,15375,1377.23,0
26,15,9,15375,1793.83,0
26,15,10,15375,720.47,0
26,15,11,15375,700.87,0
26,16,4,15375,4293.43,0
26,16,5,15375,1690.91,0
26,16,6,15375,1744.82,0
26,16,7,15375,2230.04,0
26,16,8,15375,2975.02,0
26,16,9,15375,3994.46,0
26,16,10,15375,2014.38,0
26,16,11,15375,1200.79,0
26,17,4,15375,5636.36,0
26,17,5,15375,2597.63,0
26,17,6,15375,3636.68,0
26,17,7,15375,2450.59,0
26,17,8,15375,2386.87,0
26,17,9,15375,2293.75,0
26,17,10,15375,2881.89,0
26,18,3,15375,1352.73,0
26,18,4,15375,872.41,0
26,18,5,15375,2460.39,0
26,18,6,15375,808.69,0
26,18,7,15375,4440.47,0
26,18,8,15375,3499.44,0
26,18,9,15375,4332.64,0
26,18,10,15375,3122.05,0
26,18,11,15375,3043.63,0
26,19,3,15375,656.76,0
26,19,4,15375,695.97,0
26,19,5,15375,2009.48,0
26,19,6,15375,578.34,0
26,19,7,15375,534.23,0
26,19,8,15375,735.18,0
26,19,9,15375,1112.57,0
26,19,10,15375,3048.53,0
26,19,11,15375,1303.71,0
26,20,4,15375,2406.48,0
26,20,5,15375,2543.71,0
26,20,6,15375,2092.8,0
26,20,7,15375,1372.33,0
26,20,8,15375,1088.06,0
26,20,9,15375,970.43,0
26,20,10,15375,240.16,0
26,20,11,15375,710.67,0
27,13,4,15375,754.78,0
27,13,5,15375,1043.95,0
27,13,6,15375,1141.97,0
27,13,7,15375,401.9,0
27,13,8,15375,441.11,0
27,14,4,15375,3391.62,0
27,14,5,15375,2774.07,0
27,14,6,15375,2573.12,0
27,14,7,15375,1274.31,0
27,14,8,15375,720.47,0
27,14,9,15375,1779.13,0
27,14,10,15375,220.55,0
27,14,11,15375,485.22,0
27,15,5,15375,2607.43,0
27,15,6,15375,3259.28,0
27,15,7,15375,2176.12,0
27,15,8,15375,999.84,0
27,15,9,15375,999.84,0
27,15,10,15375,843.0,0
27,15,11,15375,779.29,0
27,16,4,15375,5121.73,0
27,16,5,15375,3788.61,0
27,16,6,15375,1274.31,0
27,16,7,15375,1186.09,0
27,16,8,15375,2921.1,0
27,16,9,15375,2587.82,0
27,16,10,15375,1391.93,0
27,16,11,15375,901.82,0
27,17,4,15375,6101.97,0
27,17,5,15375,2857.39,0
27,17,6,15375,4018.97,0
27,17,7,15375,2617.23,0
27,17,8,15375,3283.79,0
27,17,9,15375,3053.43,0
27,17,10,15375,1646.8,0
27,18,3,15375,1700.71,0
27,18,4,15375,1181.18,0
27,18,5,15375,1779.13,0
27,18,6,15375,1303.71,0
27,18,7,15375,6739.12,0
27,18,8,15375,3744.5,0
27,18,9,15375,4484.58,0
27,18,10,15375,3842.52,0
27,18,11,15375,2048.69,0
27,19,3,15375,1431.14,0
27,19,4,15375,1372.33,0
27,19,5,15375,4215.01,0
27,19,6,15375,867.51,0
27,19,7,15375,877.31,0
27,19,8,15375,578.34,0
27,19,9,15375,892.01,0
27,19,10,15375,3769.01,0
27,19,11,15375,1176.28,0
27,20,3,15375,1882.05,0
27,20,4,15375,2930.91,0
27,20,5,15375,3484.74,0
27,20,6,15375,3220.07,0
27,20,7,15375,1480.16,0
27,20,8,15375,1338.02,0
27,20,9,15375,970.43,0
27,20,10,15375,431.3,0
27,20,11,15375,965.53,0
27,21,5,15375,1440.95,0
28,12,3,15375,4808.06,0
28,13,4,15375,622.45,0
28,13,5,15375,1352.73,0
28,13,6,15375,1612.49,0
28,13,7,15375,1303.71,0
28,13,8,15375,1083.16,0
28,13,9,15375,789.09,0
28,14,4,15375,1725.22,0
28,14,5,15375,2401.58,0
28,14,6,15375,2960.31,0
28,14,7,15375,1195.89,0
28,14,8,15375,843.0,0
28,14,9,15375,2038.89,0
28,14,10,15375,362.69,0
28,15,5,15375,3445.53,0
28,15,6,15375,3367.11,0
28,15,7,15375,1249.8,0
28,15,8,15375,798.89,0
28,15,9,15375,529.33,0
28,15,10,15375,705.77,0
28,16,4,15375,4670.82,0
28,16,5,15375,4607.11,0
28,16,6,15375,2342.76,0
28,16,7,15375,975.33,0
28,16,8,15375,1382.13,0
28,16,9,15375,2857.39,0
28,16,10,15375,1249.8,0
28,17,4,15375,5062.92,0
28,17,5,15375,5185.45,0
28,17,6,15375,3969.96,0
28,17,7,15375,3891.54,0
28,17,8,15375,4759.05,0
28,17,9,15375,5072.72,0
28,17,10,15375,1543.87,0
28,18,3,15375,1896.76,0
28,18,4,15375,1249.8,0
28,18,5,15375,1225.29,0
28,18,6,15375,1847.74,0
28,18,7,15375,3450.43,0
28,18,8,15375,2798.57,0
28,18,9,15375,5151.14,0
28,18,10,15375,5704.97,0
28,19,3,15375,2362.37,0
28,19,4,15375,1872.25,0
28,19,5,15375,4215.01,0
28,19,6,15375,1455.65,0
28,19,7,15375,1931.06,0
28,19,8,15375,524.43,0
28,19,9,15375,617.55,0
28,19,10,15375,2857.39,0
28,20,3,15375,2288.85,0
28,20,4,15375,3264.19,0
28,20,5,15375,4023.87,0
28,20,6,15375,2705.45,0
28,20,7,15375,1117.47,0
28,20,8,15375,2999.52,0
28,20,9,15375,892.01,0
28,20,10,15375,960.63,0
28,21,4,15375,2004.58,0
28,21,5,15375,1382.13,0
29,12,3,15375,2347.66,0
29,13,4,15375,607.75,0
29,13,5,15375,2381.97,0
29,13,6,15375,2102.61,0
29,13,7,15375,1681.1,0
29,13,8,15375,1837.94,0
29,13,9,15375,245.06,0
29,14,4,15375,759.68,0
29,14,5,15375,1975.18,0
29,14,6,15375,1833.04,0
29,14,7,15375,916.52,0
29,14,8,15375,921.42,0
29,14,9,15375,2548.61,0
29,14,10,15375,666.56,0
29,15,5,15375,3278.89,0
29,15,6,15375,2715.25,0
29,15,7,15375,597.94,0
29,15,8,15375,372.49,0
29,15,9,15375,524.43,0
29,15,10,15375,411.7,0
29,16,4,15375,4597.31,0
29,16,5,15375,4763.95,0
29,16,6,15375,4151.3,0
29,16,7,15375,1485.06,0
29,16,8,15375,1377.23,0
29,16,9,15375,2862.29,0
29,16,10,15375,1225.29,0
29,17,4,15375,3347.51,0
29,17,5,15375,4661.02,0
29,17,6,15375,3332.8,0
29,17,7,15375,4925.69,0
29,17,8,15375,6886.16,0
29,17,9,15375,7670.35,0
29,17,10,15375,1195.89,0
29,18,3,15375,1617.39,0
29,18,4,15375,955.73,0
29,18,5,15375,715.57,0
29,18,6,15375,2215.33,0
29,18,7,15375,3489.64,0
29,18,8,15375,2872.09,0
29,18,9,15375,5562.84,0
29,18,10,15375,7356.67,0
29,19,3,15375,3759.2,0
29,19,4,15375,2195.73,0
29,19,5,15375,3210.27,0
29,19,6,15375,1205.69,0
29,19,7,15375,2146.72,0
29,19,8,15375,681.26,0
29,19,9,15375,470.51,0
29,19,10,15375,3200.47,0
29,20,3,15375,2778.97,0
29,20,4,15375,4205.21,0
29,20,5,15375,3548.45,0
29,20,6,15375,3112.25,0
29,20,7,15375,1401.74,0
29,20,8,15375,2587.82,0
29,20,9,15375,573.44,0
29,20,10,15375,2058.5,0
29,21,4,15375,1543.87,0
29,21,5,15375,2288.85,0
30,13,4,15375,1205.69,0
30,13,5,15375,2597.63,0
30,13,7,15375,2014.38,0
30,13,8,15375,2646.64,0
30,14,4,15375,553.83,0
30,14,5,15375,1607.59,0
30,14,7,15375,1347.82,0
30,14,8,15375,1347.82,0
30,16,4,15375,4896.28,0
30,16,5,15375,5209.95,0
30,16,7,15375,2622.13,0
30,16,8,15375,1901.66,0
30,17,4,15375,3803.32,0
30,17,5,15375,3362.21,0
30,17,7,15375,6484.26,0
30,17,8,15375,7322.36,0
30,18,4,15375,862.61,0
30,18,5,15375,646.96,0
30,18,7,15375,2622.13,0
30,18,8,15375,2073.2,0
30,19,4,15375,2230.04,0
30,19,5,15375,2102.61,0
30,19,7,15375,1901.66,0
30,19,8,15375,642.05,0
30,20,4,15375,4950.19,0
30,20,5,15375,2244.74,0
30,20,7,15375,1529.17,0
30,20,8,15375,1195.89,0
