6,12,4,15375,1488.78,0
6,12,5,15375,1109.82,0
6,12,6,15375,5043.79,0
6,12,7,15375,5224.25,0
6,13,4,15375,3266.29,0
6,13,5,15375,1912.85,0
6,13,6,15375,1795.55,0
6,13,7,15375,1479.75,0
6,15,5,15375,5134.02,0
6,15,6,15375,5919.01,0
6,15,7,15375,5873.9,0
6,16,4,15375,4231.73,0
6,16,5,15375,5684.42,0
6,16,6,15375,5079.89,0
6,16,7,15375,7137.1,0
6,17,4,15375,8418.35,0
6,17,5,15375,8066.46,0
6,17,6,15375,11170.33,0
6,17,7,15375,6370.16,0
7,10,5,15375,1254.18,0
7,10,6,15375,1985.04,0
7,10,7,15375,1154.93,0
7,10,9,15375,1470.73,0
7,11,3,15375,2526.41,0
7,11,4,15375,3275.31,0
7,11,5,15375,1506.82,0
7,11,6,15375,1714.35,0
7,11,7,15375,1858.71,0
7,11,8,15375,667.69,0
7,11,9,15375,1154.93,0
7,12,3,15375,1533.89,0
7,12,4,15375,1416.59,0
7,12,5,15375,1200.04,0
7,12,6,15375,6180.68,0
7,12,7,15375,5783.67,0
7,12,8,15375,1290.27,0
7,12,9,15375,2499.34,0
7,13,4,15375,3780.59,0
7,13,5,15375,1524.87,0
7,13,6,15375,1579.01,0
7,13,7,15375,1687.28,0
7,13,8,15375,1741.42,0
7,13,9,15375,4917.47,0
7,14,4,15375,3320.42,0
7,14,5,15375,5702.46,0
7,14,6,15375,1524.87,0
7,14,7,15375,1976.01,0
7,14,8,15375,1263.2,0
7,14,9,15375,2445.2,0
7,15,5,15375,2030.15,0
7,15,6,15375,5052.82,0
7,15,7,15375,4466.33,0
7,15,8,15375,5648.33,0
7,15,9,15375,4087.37,0
7,16,4,15375,2977.55,0
7,16,5,15375,5043.79,0
7,16,6,15375,5603.21,0
7,16,7,15375,4078.35,0
7,16,8,15375,1813.6,0
7,16,9,15375,4809.2,0
7,17,4,15375,8030.37,0
7,17,5,15375,8689.04,0
7,17,6,15375,6451.36,0
7,17,7,15375,7209.29,0
7,17,8,15375,6297.98,0
7,17,9,15375,1515.85,0
7,18,3,15375,3816.68,0
7,18,4,15375,2508.36,0
7,18,5,15375,4087.37,0
7,18,6,15375,4601.67,0
7,18,7,15375,8716.11,0
7,18,8,15375,6451.36,0
7,18,9,15375,12271.13,0
8,10,5,15375,1858.71,0
8,10,6,15375,1443.66,0
8,10,7,15375,1172.98,0
8,10,9,15375,1037.63,0
8,11,3,15375,4872.36,0
8,11,4,15375,3076.8,0
8,11,5,15375,1100.79,0
8,11,6,15375,1497.8,0
8,11,7,15375,1488.78,0
8,11,8,15375,1272.23,0
8,11,9,15375,1416.59,0
8,11,10,15375,577.46,0
8,12,3,15375,1768.49,0
8,12,4,15375,1191.02,0
8,12,5,15375,2201.58,0
8,12,6,15375,5648.33,0
8,12,7,15375,4971.61,0
8,12,8,15375,2562.5,0
8,12,9,15375,3076.8,0
8,12,10,15375,1642.17,0
8,13,4,15375,1921.87,0
8,13,5,15375,1569.98,0
8,13,6,15375,2075.26,0
8,13,7,15375,1687.28,0
8,13,8,15375,1542.91,0
8,13,9,15375,6072.4,0
8,13,10,15375,3257.26,0
8,14,4,15375,3491.86,0
8,14,5,15375,8219.85,0
8,14,6,15375,2382.04,0
8,14,7,15375,1966.99,0
8,14,8,15375,1209.07,0
8,14,9,15375,2887.32,0
8,14,10,15375,2553.48,0
8,15,5,15375,2003.08,0
8,15,6,15375,4367.08,0
8,15,7,15375,4610.7,0
8,15,8,15375,6424.3,0
8,15,9,15375,4448.28,0
8,15,10,15375,1732.39,0
8,16,4,15375,2589.57,0
8,16,5,15375,4457.31,0
8,16,6,15375,5188.16,0
8,16,7,15375,2418.13,0
8,16,8,15375,1669.23,0
8,16,9,15375,2833.19,0
8,16,10,15375,1894.81,0
8,17,4,15375,6658.89,0
8,17,5,15375,8869.5,0
8,17,6,15375,7245.38,0
8,17,7,15375,6162.63,0
8,17,8,15375,4890.4,0
8,17,9,15375,2445.2,0
8,17,10,15375,5197.18,0
8,18,3,15375,3527.95,0
8,18,4,15375,1831.65,0
8,18,5,15375,3717.43,0
8,18,6,15375,5377.64,0
8,18,7,15375,10926.72,0
8,18,8,15375,7795.77,0
8,18,9,15375,10042.47,0
8,18,10,15375,6992.74,0
8,19,3,15375,2373.02,0
8,19,4,15375,2183.54,0
8,19,5,15375,1930.9,0
8,19,6,15375,3139.96,0
8,19,7,15375,2003.08,0
8,19,8,15375,1912.85,0
8,19,9,15375,4854.31,0
8,19,10,15375,5125.0,0
9,10,5,15375,1903.83,0
9,10,6,15375,757.92,0
9,11,4,15375,2995.6,0
9,11,5,15375,1073.72,0
9,11,6,15375,1678.26,0
9,11,7,15375,2057.22,0
9,11,8,15375,2589.57,0
9,11,9,15375,803.04,0
9,11,10,15375,712.81,0
9,11,11,15375,902.29,0
9,12,4,15375,1840.67,0
9,12,5,15375,2733.93,0
9,12,6,15375,5729.53,0
9,12,7,15375,4186.62,0
9,12,8,15375,2237.68,0
9,12,9,15375,3248.24,0
9,12,10,15375,1308.32,0
9,13,4,15375,1669.23,0
9,13,5,15375,2706.87,0
9,13,6,15375,2779.05,0
9,13,7,15375,2553.48,0
9,13,8,15375,3257.26,0
9,13,9,15375,5648.33,0
9,13,10,15375,4773.11,0
9,13,11,15375,2129.4,0
9,14,4,15375,3852.77,0
9,14,5,15375,5386.66,0
9,14,6,15375,2219.63,0
9,14,7,15375,2048.2,0
9,14,8,15375,1705.33,0
9,14,9,15375,5025.75,0
9,14,10,15375,2472.27,0
9,14,11,15375,1290.27,0
9,15,5,15375,2878.3,0
9,15,6,15375,4412.19,0
9,15,7,15375,5612.24,0
9,15,8,15375,9149.21,0
9,15,9,15375,4006.16,0
9,15,10,15375,1678.26,0
9,15,11,15375,1191.02,0
9,16,4,15375,2589.57,0
9,16,5,15375,5215.23,0
9,16,6,15375,6261.88,0
9,16,7,15375,2327.9,0
9,16,8,15375,1533.89,0
9,16,9,15375,2336.93,0
9,16,10,15375,2481.29,0
9,16,11,15375,3004.62,0
9,17,4,15375,5422.76,0
9,17,5,15375,6767.17,0
9,17,6,15375,8860.48,0
9,17,7,15375,5973.15,0
9,17,8,15375,4583.63,0
9,17,9,15375,4574.6,0
9,17,10,15375,5467.87,0
9,18,4,15375,2382.04,0
9,18,5,15375,4448.28,0
9,18,6,15375,5720.51,0
9,18,7,15375,8860.48,0
9,18,8,15375,10656.03,0
9,18,9,15375,9338.69,0
9,18,10,15375,6018.27,0
9,18,11,15375,4376.1,0
9,19,4,15375,1813.6,0
9,19,5,15375,4466.33,0
9,19,6,15375,2770.03,0
9,19,7,15375,1795.55,0
9,19,8,15375,2318.88,0
9,19,9,15375,4285.87,0
9,19,10,15375,6749.12,0
9,19,11,15375,8165.71,0
10,11,3,15375,5197.18,0
10,11,4,15375,2075.26,0
10,11,5,15375,676.72,0
10,11,6,15375,1560.96,0
10,11,7,15375,1867.74,0
10,11,8,15375,2327.9,0
10,11,9,15375,550.4,0
10,12,3,15375,3284.33,0
10,12,4,15375,3040.71,0
10,12,5,15375,4709.95,0
10,12,6,15375,6180.68,0
10,12,7,15375,2806.12,0
10,12,8,15375,1786.53,0
10,12,9,15375,2490.32,0
10,12,10,15375,1136.88,0
10,13,4,15375,2607.61,0
10,13,5,15375,3915.93,0
10,13,6,15375,4484.37,0
10,13,7,15375,3437.72,0
10,13,8,15375,3762.54,0
10,13,9,15375,4538.51,0
10,13,10,15375,5928.04,0
10,13,11,15375,1831.65,0
10,14,4,15375,4511.44,0
10,14,5,15375,3320.42,0
10,14,6,15375,2517.39,0
10,14,7,15375,2923.42,0
10,14,8,15375,3275.31,0
10,14,9,15375,4574.6,0
10,14,10,15375,2030.15,0
10,14,11,15375,2364.0,0
10,15,5,15375,3735.48,0
10,15,6,15375,5097.93,0
10,15,7,15375,6027.29,0
10,15,8,15375,6424.3,0
10,15,9,15375,4791.15,0
10,15,10,15375,3022.67,0
10,15,11,15375,1461.71,0
10,16,4,15375,3437.72,0
10,16,5,15375,6234.82,0
10,16,6,15375,6234.82,0
10,16,7,15375,3401.63,0
10,16,8,15375,2111.36,0
10,16,9,15375,3167.03,0
10,16,10,15375,4358.05,0
10,16,11,15375,4980.63,0
10,17,4,15375,3970.07,0
10,17,5,15375,6875.44,0
10,17,6,15375,8652.95,0
10,17,7,15375,3284.33,0
10,17,8,15375,4078.35,0
10,17,9,15375,9807.88,0
10,17,10,15375,4619.72,0
10,18,3,15375,3825.7,0
10,18,4,15375,2318.88,0
10,18,5,15375,4800.18,0
10,18,6,15375,6081.43,0
10,18,7,15375,10583.85,0
10,18,8,15375,9871.04,0
10,18,9,15375,7994.28,0
10,18,10,15375,5269.37,0
10,18,11,15375,4349.03,0
10,19,3,15375,1551.94,0
10,19,4,15375,2030.15,0
10,19,5,15375,4186.62,0
10,19,6,15375,2842.21,0
10,19,7,15375,1768.49,0
10,19,8,15375,1624.12,0
10,19,9,15375,3870.82,0
10,19,10,15375,9040.93,0
10,19,11,15375,8310.08,0
10,20,3,15375,3690.36,0
10,20,4,15375,7949.16,0
10,20,5,15375,5891.95,0
10,20,6,15375,1362.46,0
10,20,7,15375,1795.55,0
10,20,8,15375,2761.0,0
10,20,9,15375,2652.73,0
10,20,10,15375,965.45,0
10,20,11,15375,848.15,0
11,11,3,15375,2941.46,0
11,11,4,15375,1407.57,0
11,11,5,15375,748.9,0
11,11,6,15375,1696.3,0
11,11,7,15375,2021.13,0
11,11,8,15375,1597.05,0
11,12,3,15375,5368.62,0
11,12,4,15375,3636.22,0
11,12,5,15375,8084.51,0
11,12,6,15375,3311.4,0
11,12,7,15375,2679.8,0
11,12,8,15375,1533.89,0
11,12,9,15375,1272.23,0
11,12,10,15375,1182.0,0
11,13,4,15375,4267.83,0
11,13,5,15375,5215.23,0
11,13,6,15375,5982.17,0
11,13,7,15375,4592.65,0
11,13,8,15375,5097.93,0
11,13,9,15375,4547.54,0
11,13,10,15375,5179.14,0
11,13,11,15375,1615.1,0
11,14,4,15375,5061.84,0
11,14,5,15375,3320.42,0
11,14,6,15375,2896.35,0
11,14,7,15375,3130.94,0
11,14,8,15375,4556.56,0
11,14,9,15375,5251.32,0
11,14,10,15375,1957.97,0
11,14,11,15375,2941.46,0
11,15,5,15375,5919.01,0
11,15,6,15375,5386.66,0
11,15,7,15375,6595.73,0
11,15,8,15375,5955.11,0
11,15,9,15375,4863.34,0
11,15,10,15375,4114.44,0
11,15,11,15375,2733.93,0
11,16,4,15375,4340.01,0
11,16,5,15375,6451.36,0
11,16,6,15375,7615.32,0
11,16,7,15375,5540.05,0
11,16,8,15375,2797.1,0
11,16,9,15375,5097.93,0
11,16,10,15375,3167.03,0
11,16,11,15375,7759.68,0
11,17,4,15375,3545.99,0
11,17,5,15375,6252.86,0
11,17,6,15375,10863.56,0
11,17,7,15375,2661.75,0
11,17,8,15375,4385.12,0
11,17,9,15375,13389.96,0
11,17,10,15375,4718.97,0
11,18,3,15375,2318.88,0
11,18,4,15375,2427.16,0
11,18,5,15375,3527.95,0
11,18,6,15375,4105.41,0
11,18,7,15375,8716.11,0
11,18,8,15375,10710.17,0
11,18,9,15375,4791.15,0
11,18,10,15375,3527.95,0
11,18,11,15375,5368.62,0
11,19,3,15375,1624.12,0
11,19,4,15375,2887.32,0
11,19,5,15375,3798.64,0
11,19,6,15375,1912.85,0
11,19,7,15375,1497.8,0
11,19,8,15375,1290.27,0
11,19,9,15375,2697.84,0
11,19,10,15375,7931.12,0
11,19,11,15375,7579.23,0
11,20,3,15375,4114.44,0
11,20,4,15375,7651.41,0
11,20,5,15375,4249.78,0
11,20,6,15375,1182.0,0
11,20,7,15375,1921.87,0
11,20,8,15375,2562.5,0
11,20,9,15375,3185.08,0
11,20,10,15375,848.15,0
11,20,11,15375,730.85,0
12,11,3,15375,1912.85,0
12,11,4,15375,694.76,0
12,11,5,15375,1163.95,0
12,11,6,15375,1542.91,0
12,11,7,15375,2490.32,0
12,11,8,15375,1353.43,0
12,12,3,15375,5792.69,0
12,12,4,15375,3906.91,0
12,12,5,15375,6198.72,0
12,12,6,15375,1948.94,0
12,12,7,15375,2084.29,0
12,12,8,15375,2255.72,0
12,12,9,15375,1046.65,0
12,12,10,15375,956.43,0
12,13,4,15375,7182.22,0
12,13,5,15375,5305.46,0
12,13,6,15375,5747.58,0
12,13,7,15375,4953.57,0
12,13,8,15375,3933.98,0
12,13,9,15375,4285.87,0
12,13,10,15375,3681.34,0
12,13,11,15375,1669.23,0
12,14,4,15375,3022.67,0
12,14,5,15375,3076.8,0
12,14,6,15375,3545.99,0
12,14,7,15375,3410.65,0
12,14,8,15375,4403.17,0
12,14,9,15375,5765.62,0
12,14,10,15375,1569.98,0
12,14,11,15375,2914.39,0
12,15,5,15375,5287.41,0
12,15,6,15375,5170.11,0
12,15,7,15375,6983.71,0
12,15,8,15375,5106.95,0
12,15,9,15375,5088.91,0
12,15,10,15375,4917.47,0
12,15,11,15375,3130.94,0
12,16,4,15375,4935.52,0
12,16,5,15375,5594.19,0
12,16,6,15375,9771.79,0
12,16,7,15375,7886.0,0
12,16,8,15375,2661.75,0
12,16,9,15375,3798.64,0
12,16,10,15375,2932.44,0
12,16,11,15375,10872.58,0
12,17,4,15375,4321.96,0
12,17,5,15375,4024.21,0
12,17,6,15375,7958.19,0
12,17,7,15375,1741.42,0
12,17,8,15375,3798.64,0
12,17,9,15375,11612.46,0
12,17,10,15375,7164.17,0
12,18,3,15375,2003.08,0
12,18,4,15375,2354.97,0
12,18,5,15375,1633.14,0
12,18,6,15375,2445.2,0
12,18,7,15375,5088.91,0
12,18,8,15375,10809.42,0
12,18,9,15375,4006.16,0
12,18,10,15375,3293.35,0
12,18,11,15375,6731.07,0
12,19,3,15375,1651.19,0
12,19,4,15375,3798.64,0
12,19,5,15375,4267.83,0
12,19,6,15375,1597.05,0
12,19,7,15375,1551.94,0
12,19,8,15375,1100.79,0
12,19,9,15375,1921.87,0
12,19,10,15375,5585.17,0
12,19,11,15375,5648.33,0
12,20,4,15375,4186.62,0
12,20,5,15375,2111.36,0
12,20,6,15375,1317.34,0
12,20,7,15375,1533.89,0
12,20,8,15375,2914.39,0
12,20,9,15375,2878.3,0
12,20,10,15375,685.74,0
12,20,11,15375,739.88,0
13,11,4,15375,342.87,0
13,11,5,15375,1073.72,0
13,11,6,15375,1497.8,0
13,11,7,15375,2409.11,0
13,12,4,15375,3708.41,0
13,12,5,15375,3311.4,0
13,12,6,15375,1678.26,0
13,12,7,15375,866.2,0
13,12,8,15375,2246.7,0
13,12,9,15375,1506.82,0
13,12,10,15375,1227.11,0
13,13,4,15375,7507.04,0
13,13,5,15375,5097.93,0
13,13,6,15375,6288.95,0
13,13,7,15375,3663.29,0
13,13,8,15375,3158.01,0
13,13,9,15375,3103.87,0
13,13,10,15375,2048.2,0
13,14,4,15375,2580.55,0
13,14,5,15375,3933.98,0
13,14,6,15375,4195.64,0
13,14,7,15375,3654.27,0
13,14,8,15375,3473.81,0
13,14,9,15375,6009.24,0
13,14,10,15375,1768.49,0
13,15,5,15375,4962.59,0
13,15,6,15375,4321.96,0
13,15,7,15375,4944.54,0
13,15,8,15375,5937.06,0
13,15,9,15375,6649.87,0
13,15,10,15375,5540.05,0
13,16,4,15375,3988.12,0
13,16,5,15375,6785.21,0
13,16,6,15375,6749.12,0
13,16,7,15375,7840.89,0
13,16,8,15375,2968.53,0
13,16,9,15375,4673.86,0
13,16,10,15375,5648.33,0
13,17,4,15375,7353.65,0
13,17,5,15375,3194.1,0
13,17,6,15375,3961.05,0
13,17,7,15375,1804.58,0
13,17,8,15375,6568.66,0
13,17,9,15375,8310.08,0
13,17,10,15375,6613.78,0
13,18,4,15375,2030.15,0
13,18,5,15375,1813.6,0
13,18,6,15375,1678.26,0
13,18,7,15375,5386.66,0
13,18,8,15375,6316.02,0
13,18,9,15375,2959.51,0
13,18,10,15375,4303.92,0
13,19,4,15375,7091.99,0
13,19,5,15375,4015.18,0
13,19,6,15375,1615.1,0
13,19,7,15375,1687.28,0
13,19,8,15375,839.13,0
13,19,9,15375,1100.79,0
13,19,10,15375,3284.33,0
13,20,5,15375,3049.74,0
13,20,6,15375,965.45,0
13,20,7,15375,1966.99,0
13,20,8,15375,3112.9,0
13,20,9,15375,2634.68,0
13,20,10,15375,929.36,0
14,11,5,15375,1227.11,0
14,11,6,15375,1055.68,0
14,12,5,15375,2661.75,0
14,12,6,15375,2463.25,0
14,12,7,15375,830.11,0
14,12,8,15375,2643.71,0
14,12,9,15375,1218.09,0
14,12,10,15375,902.29,0
14,13,5,15375,3329.45,0
14,13,6,15375,5873.9,0
14,13,7,15375,3230.19,0
14,13,8,15375,2688.82,0
14,13,9,15375,2517.39,0
14,13,10,15375,1425.62,0
14,13,11,15375,1245.16,0
14,14,5,15375,5079.89,0
14,14,6,15375,5143.05,0
14,14,7,15375,3970.07,0
14,14,8,15375,2174.52,0
14,14,9,15375,4159.55,0
14,14,10,15375,2327.9,0
14,14,11,15375,1985.04,0
14,15,5,15375,8616.86,0
14,15,6,15375,5531.03,0
14,15,7,15375,5079.89,0
14,15,8,15375,3888.86,0
14,15,9,15375,7326.58,0
14,15,10,15375,3888.86,0
14,15,11,15375,2490.32,0
14,16,5,15375,7876.98,0
14,16,6,15375,5828.79,0
14,16,7,15375,6767.17,0
14,16,8,15375,3058.76,0
14,16,9,15375,7570.2,0
14,16,10,15375,8273.99,0
14,16,11,15375,9546.21,0
14,17,5,15375,4493.4,0
14,17,6,15375,3663.29,0
14,17,7,15375,2580.55,0
14,17,8,15375,6108.49,0
14,17,9,15375,8860.48,0
14,17,10,15375,8607.83,0
14,18,5,15375,866.2,0
14,18,6,15375,1308.32,0
14,18,7,15375,5946.08,0
14,18,8,15375,3717.43,0
14,18,9,15375,2237.68,0
14,18,10,15375,3374.56,0
14,18,11,15375,5485.92,0
14,19,5,15375,4321.96,0
14,19,6,15375,1624.12,0
14,19,7,15375,4574.6,0
14,19,8,15375,803.04,0
14,19,9,15375,974.47,0
14,19,10,15375,1786.53,0
14,19,11,15375,3365.54,0
14,20,6,15375,830.11,0
14,20,7,15375,2237.68,0
14,20,8,15375,2842.21,0
14,20,9,15375,3248.24,0
14,20,10,15375,1867.74,0
14,20,11,15375,631.6,0
15,11,5,15375,1290.27,0
15,11,6,15375,451.14,0
15,12,5,15375,2048.2,0
15,12,6,15375,2851.23,0
15,12,7,15375,478.21,0
15,12,8,15375,2761.0,0
15,12,9,15375,613.56,0
15,12,10,15375,406.03,0
15,13,5,15375,4258.8,0
15,13,6,15375,5882.92,0
15,13,7,15375,2418.13,0
15,13,8,15375,2165.49,0
15,13,9,15375,2887.32,0
15,13,10,15375,1209.07,0
15,13,11,15375,947.4,0
15,14,5,15375,3609.15,0
15,14,6,15375,6613.78,0
15,14,7,15375,3672.32,0
15,14,8,15375,2030.15,0
15,14,9,15375,2589.57,0
15,14,10,15375,3952.02,0
15,14,11,15375,2057.22,0
15,15,5,15375,9230.41,0
15,15,6,15375,8860.48,0
15,15,7,15375,7055.9,0
15,15,8,15375,5846.83,0
15,15,9,15375,3988.12,0
15,15,10,15375,2887.32,0
15,15,11,15375,3248.24,0
15,16,5,15375,6704.01,0
15,16,6,15375,8102.55,0
15,16,7,15375,7570.2,0
15,16,8,15375,5097.93,0
15,16,9,15375,8941.68,0
15,16,10,15375,10349.25,0
15,16,11,15375,9446.96,0
15,17,5,15375,4186.62,0
15,17,6,15375,3988.12,0
15,17,7,15375,3798.64,0
15,17,8,15375,5837.81,0
15,17,9,15375,8661.97,0
15,17,10,15375,9889.08,0
15,18,5,15375,830.11,0
15,18,6,15375,1145.91,0
15,18,7,15375,4655.81,0
15,18,8,15375,3230.19,0
15,18,9,15375,1542.91,0
15,18,10,15375,2733.93,0
15,18,11,15375,5332.53,0
15,19,5,15375,4042.25,0
15,19,6,15375,1651.19,0
15,19,7,15375,4655.81,0
15,19,8,15375,586.49,0
15,19,9,15375,1028.61,0
15,19,10,15375,1894.81,0
15,19,11,15375,3843.75,0
15,20,7,15375,1524.87,0
15,20,8,15375,2553.48,0
15,20,9,15375,4737.02,0
15,20,10,15375,2526.41,0
15,20,11,15375,794.01,0
16,10,3,15375,803.04,0
16,11,3,15375,550.4,0
16,11,4,15375,433.1,0
16,11,5,15375,1371.48,0
16,11,6,15375,342.87,0
16,12,3,15375,1344.41,0
16,12,4,15375,2373.02,0
16,12,5,15375,1172.98,0
16,12,6,15375,2264.74,0
16,12,7,15375,496.26,0
16,12,8,15375,1723.37,0
16,12,9,15375,297.76,0
16,12,10,15375,324.82,0
16,13,4,15375,3275.31,0
16,13,5,15375,5549.08,0
16,13,6,15375,3085.83,0
16,13,7,15375,1588.03,0
16,13,8,15375,2517.39,0
16,13,9,15375,3275.31,0
16,13,10,15375,1560.96,0
16,13,11,15375,1182.0,0
16,14,4,15375,12162.85,0
16,14,5,15375,3004.62,0
16,14,6,15375,7741.64,0
16,14,7,15375,3257.26,0
16,14,8,15375,1849.69,0
16,14,9,15375,1551.94,0
16,14,10,15375,2535.43,0
16,14,11,15375,2030.15,0
16,15,5,15375,11044.01,0
16,15,6,15375,11765.85,0
16,15,7,15375,8237.9,0
16,15,8,15375,8030.37,0
16,15,9,15375,5125.0,0
16,15,10,15375,1849.69,0
16,15,11,15375,2761.0,0
16,16,4,15375,5485.92,0
16,16,5,15375,4845.29,0
16,16,6,15375,10872.58,0
16,16,7,15375,5377.64,0
16,16,8,15375,6884.46,0
16,16,9,15375,7028.83,0
16,16,10,15375,10791.37,0
16,16,11,15375,8842.43,0
16,17,4,15375,6009.24,0
16,17,5,15375,4267.83,0
16,17,6,15375,5052.82,0
16,17,7,15375,4033.23,0
16,17,8,15375,3970.07,0
16,17,9,15375,6090.45,0
16,17,10,15375,9898.11,0
16,18,3,15375,1696.3,0
16,18,4,15375,2986.58,0
16,18,5,15375,1118.84,0
16,18,6,15375,911.31,0
16,18,7,15375,2400.09,0
16,18,8,15375,4367.08,0
16,18,9,15375,1506.82,0
16,18,10,15375,2066.24,0
16,18,11,15375,4764.08,0
16,19,5,15375,5242.3,0
16,19,6,15375,2057.22,0
16,19,7,15375,3383.58,0
16,19,8,15375,974.47,0
16,19,9,15375,1245.16,0
16,19,10,15375,1615.1,0
16,19,11,15375,3058.76,0
16,20,7,15375,1642.17,0
16,20,8,15375,1994.06,0
16,20,9,15375,6397.23,0
16,20,10,15375,2264.74,0
16,20,11,15375,1452.68,0
17,10,3,15375,812.06,0
17,11,3,15375,415.05,0
17,11,4,15375,541.37,0
17,11,5,15375,1479.75,0
17,11,6,15375,342.87,0
17,12,3,15375,1019.59,0
17,12,4,15375,1308.32,0
17,12,5,15375,568.44,0
17,12,6,15375,1615.1,0
17,12,7,15375,1145.91,0
17,12,8,15375,1254.18,0
17,12,9,15375,207.53,0
17,12,10,15375,324.82,0
17,13,4,15375,2544.45,0
17,13,5,15375,4791.15,0
17,13,6,15375,2571.52,0
17,13,7,15375,1082.75,0
17,13,8,15375,1588.03,0
17,13,9,15375,1966.99,0
17,13,10,15375,1795.55,0
17,13,11,15375,1624.12,0
17,14,4,15375,13173.42,0
17,14,5,15375,2553.48,0
17,14,6,15375,8346.17,0
17,14,7,15375,3374.56,0
17,14,8,15375,2255.72,0
17,14,9,15375,1380.5,0
17,14,10,15375,1858.71,0
17,14,11,15375,2246.7,0
17,15,5,15375,8869.5,0
17,15,6,15375,10141.73,0
17,15,7,15375,9437.94,0
17,15,8,15375,7425.84,0
17,15,9,15375,9338.69,0
17,15,10,15375,2670.77,0
17,15,11,15375,2436.18,0
17,16,4,15375,6027.29,0
17,16,5,15375,4628.74,0
17,16,6,15375,9591.33,0
17,16,7,15375,4177.6,0
17,16,8,15375,6532.57,0
17,16,9,15375,6785.21,0
17,16,10,15375,11188.38,0
17,16,11,15375,7561.18,0
17,17,4,15375,4863.34,0
17,17,5,15375,4583.63,0
17,17,6,15375,4511.44,0
17,17,7,15375,4709.95,0
17,17,8,15375,3148.99,0
17,17,9,15375,4664.83,0
17,17,10,15375,10430.46,0
17,18,3,15375,1813.6,0
17,18,4,15375,2824.16,0
17,18,5,15375,1118.84,0
17,18,6,15375,766.95,0
17,18,7,15375,1533.89,0
17,18,8,15375,4114.44,0
17,18,9,15375,2201.58,0
17,18,10,15375,2409.11,0
17,18,11,15375,4340.01,0
18,10,3,15375,631.6,0
18,11,3,15375,315.8,0
18,11,4,15375,676.72,0
18,11,5,15375,1443.66,0
18,11,6,15375,478.21,0
18,12,3,15375,1118.84,0
18,12,4,15375,1136.88,0
18,12,5,15375,622.58,0
18,12,6,15375,1606.07,0
18,12,7,15375,839.13,0
18,12,8,15375,1299.3,0
18,12,9,15375,270.69,0
18,12,10,15375,387.98,0
18,13,4,15375,3121.92,0
18,13,5,15375,3645.25,0
18,13,6,15375,1028.61,0
18,13,7,15375,1073.72,0
18,13,8,15375,1010.56,0
18,13,9,15375,1588.03,0
18,13,10,15375,1994.06,0
18,13,11,15375,1064.7,0
18,14,4,15375,10989.88,0
18,14,5,15375,3464.79,0
18,14,6,15375,7479.97,0
18,14,7,15375,4042.25,0
18,14,8,15375,3239.22,0
18,14,9,15375,1308.32,0
18,14,10,15375,929.36,0
18,14,11,15375,2724.91,0
18,15,5,15375,9564.26,0
18,15,6,15375,6180.68,0
18,15,7,15375,11377.86,0
18,15,8,15375,7371.7,0
18,15,9,15375,11107.17,0
18,15,10,15375,4493.4,0
18,15,11,15375,3852.77,0
18,16,4,15375,6947.62,0
18,16,5,15375,3365.54,0
18,16,6,15375,5540.05,0
18,16,7,15375,3952.02,0
18,16,8,15375,6460.39,0
18,16,9,15375,9230.41,0
18,16,10,15375,5964.13,0
18,16,11,15375,9185.3,0
18,17,4,15375,3022.67,0
18,17,5,15375,5512.98,0
18,17,6,15375,5675.4,0
18,17,7,15375,5197.18,0
18,17,8,15375,2517.39,0
18,17,9,15375,4619.72,0
18,17,10,15375,6379.18,0
18,18,3,15375,1597.05,0
18,18,4,15375,2761.0,0
18,18,5,15375,1073.72,0
18,18,6,15375,1127.86,0
18,18,7,15375,1200.04,0
18,18,8,15375,2544.45,0
18,18,9,15375,2273.77,0
18,18,10,15375,2354.97,0
18,18,11,15375,4303.92,0
18,19,5,15375,2968.53,0
18,19,6,15375,2490.32,0
18,19,7,15375,2977.55,0
18,19,8,15375,685.74,0
18,19,9,15375,1714.35,0
18,19,10,15375,1218.09,0
18,19,11,15375,3139.96,0
19,11,3,15375,595.51,0
19,11,4,15375,1236.14,0
19,11,5,15375,848.15,0
19,11,6,15375,550.4,0
19,12,3,15375,1515.85,0
19,12,4,15375,893.27,0
19,12,5,15375,631.6,0
19,12,6,15375,1326.36,0
19,12,7,15375,685.74,0
19,12,8,15375,848.15,0
19,12,9,15375,297.76,0
19,13,4,15375,2706.87,0
19,13,5,15375,4312.94,0
19,13,6,15375,1479.75,0
19,13,7,15375,1389.52,0
19,13,8,15375,1136.88,0
19,13,9,15375,2129.4,0
19,13,10,15375,1822.62,0
19,13,11,15375,1118.84,0
19,14,4,15375,7082.97,0
19,14,5,15375,4556.56,0
19,14,6,15375,7822.84,0
19,14,7,15375,3816.68,0
19,14,8,15375,4709.95,0
19,14,9,15375,1723.37,0
19,14,10,15375,1425.62,0
19,14,11,15375,3897.89,0
19,15,5,15375,10159.77,0
19,15,6,15375,4845.29,0
19,15,7,15375,11765.85,0
19,15,8,15375,9113.12,0
19,15,9,15375,10168.79,0
19,15,10,15375,4502.42,0
19,15,11,15375,6965.67,0
19,16,4,15375,6243.84,0
19,16,5,15375,5251.32,0
19,16,6,15375,4502.42,0
19,16,7,15375,6956.65,0
19,16,8,15375,7940.14,0
19,16,9,15375,7714.57,0
19,16,10,15375,6433.32,0
19,16,11,15375,6487.46,0
19,17,4,15375,3139.96,0
19,17,5,15375,4755.06,0
19,17,6,15375,4755.06,0
19,17,7,15375,5079.89,0
19,17,8,15375,2400.09,0
19,17,9,15375,4466.33,0
19,17,10,15375,6857.39,0
19,18,3,15375,2264.74,0
19,18,4,15375,2905.37,0
19,18,5,15375,1795.55,0
19,18,6,15375,2120.38,0
19,18,7,15375,1994.06,0
19,18,8,15375,1957.97,0
19,18,9,15375,2291.81,0
19,18,10,15375,2129.4,0
19,18,11,15375,3473.81,0
19,19,4,15375,1118.84,0
19,19,5,15375,3031.69,0
19,19,6,15375,2327.9,0
19,19,7,15375,2138.42,0
19,19,8,15375,839.13,0
19,19,9,15375,1028.61,0
19,19,10,15375,2535.43,0
19,19,11,15375,2761.0,0
19,20,6,15375,4376.1,0
19,20,7,15375,4087.37,0
19,20,8,15375,3536.97,0
19,20,9,15375,3194.1,0
19,20,10,15375,2995.6,0
19,20,11,15375,1714.35,0
20,11,3,15375,1479.75,0
20,11,4,15375,1497.8,0
20,12,3,15375,1840.67,0
20,12,4,15375,1100.79,0
20,12,5,15375,550.4,0
20,12,6,15375,1299.3,0
20,12,7,15375,739.88,0
20,12,8,15375,658.67,0
20,12,9,15375,541.37,0
20,13,4,15375,2833.19,0
20,13,5,15375,3816.68,0
20,13,6,15375,2120.38,0
20,13,7,15375,1497.8,0
20,13,8,15375,1308.32,0
20,13,9,15375,2499.34,0
20,13,10,15375,2228.65,0
20,13,11,15375,866.2,0
20,14,4,15375,4619.72,0
20,14,5,15375,4502.42,0
20,14,6,15375,7209.29,0
20,14,7,15375,5170.11,0
20,14,8,15375,4168.57,0
20,14,9,15375,2165.49,0
20,14,10,15375,2201.58,0
20,14,11,15375,4132.48,0
20,15,5,15375,11025.97,0
20,15,6,15375,4809.2,0
20,15,7,15375,8084.51,0
20,15,8,15375,10358.27,0
20,15,9,15375,6613.78,0
20,15,10,15375,5197.18,0
20,15,11,15375,7525.09,0
20,16,4,15375,7164.17,0
20,16,5,15375,6261.88,0
20,16,6,15375,6487.46,0
20,16,7,15375,9049.96,0
20,16,8,15375,10791.37,0
20,16,9,15375,8526.63,0
20,16,10,15375,6334.07,0
20,16,11,15375,6415.27,0
20,17,4,15375,3067.78,0
20,17,5,15375,4592.65,0
20,17,6,15375,6397.23,0
20,17,7,15375,3500.88,0
20,17,8,15375,3203.12,0
20,17,9,15375,4908.45,0
20,17,10,15375,12911.75,0
20,18,3,15375,2697.84,0
20,18,4,15375,2147.45,0
20,18,5,15375,2806.12,0
20,18,6,15375,3311.4,0
20,18,7,15375,3004.62,0
20,18,8,15375,1840.67,0
20,18,9,15375,3094.85,0
20,18,10,15375,2616.64,0
20,18,11,15375,2869.28,0
20,19,4,15375,559.42,0
20,19,5,15375,1849.69,0
20,19,6,15375,2643.71,0
20,19,7,15375,1588.03,0
20,19,8,15375,1335.39,0
20,19,9,15375,1966.99,0
20,19,10,15375,2291.81,0
20,19,11,15375,1497.8,0
20,20,6,15375,2932.44,0
20,20,7,15375,2869.28,0
20,20,8,15375,3347.49,0
20,20,9,15375,2012.1,0
20,20,10,15375,3112.9,0
20,20,11,15375,2165.49,0
21,12,3,15375,2409.11,0
21,12,4,15375,1118.84,0
21,12,5,15375,803.04,0
21,12,6,15375,1542.91,0
21,12,7,15375,1425.62,0
21,13,4,15375,2535.43,0
21,13,5,15375,3338.47,0
21,13,6,15375,3004.62,0
21,13,7,15375,1741.42,0
21,13,8,15375,1479.75,0
21,13,9,15375,3527.95,0
21,13,10,15375,2003.08,0
21,13,11,15375,694.76,0
21,14,4,15375,2923.42,0
21,14,5,15375,4502.42,0
21,14,6,15375,4935.52,0
21,14,7,15375,4827.24,0
21,14,8,15375,3284.33,0
21,14,9,15375,2905.37,0
21,14,10,15375,1976.01,0
21,14,11,15375,3997.14,0
21,15,5,15375,7236.36,0
21,15,6,15375,7155.15,0
21,15,7,15375,7073.94,0
21,15,8,15375,8138.64,0
21,15,9,15375,5612.24,0
21,15,10,15375,4024.21,0
21,15,11,15375,5305.46,0
21,16,4,15375,10547.76,0
21,16,5,15375,7651.41,0
21,16,6,15375,7940.14,0
21,16,7,15375,8779.27,0
21,16,8,15375,9031.91,0
21,16,9,15375,8707.09,0
21,16,10,15375,5206.21,0
21,16,11,15375,7272.45,0
21,17,4,15375,4231.73,0
21,17,5,15375,3663.29,0
21,17,6,15375,5864.88,0
21,17,7,15375,3374.56,0
21,17,8,15375,3302.38,0
21,17,9,15375,7119.06,0
21,17,10,15375,14752.42,0
21,18,3,15375,3753.52,0
21,18,4,15375,1858.71,0
21,18,5,15375,2932.44,0
21,18,6,15375,4547.54,0
21,18,7,15375,2751.98,0
21,18,8,15375,2219.63,0
21,18,9,15375,2824.16,0
21,18,10,15375,2246.7,0
21,18,11,15375,3085.83,0
21,19,5,15375,1019.59,0
21,19,6,15375,2625.66,0
21,19,7,15375,1182.0,0
21,19,8,15375,2156.47,0
21,19,9,15375,2048.2,0
21,19,10,15375,1425.62,0
21,19,11,15375,1154.93,0
21,20,7,15375,2409.11,0
21,20,8,15375,2517.39,0
21,20,9,15375,1849.69,0
21,20,10,15375,1930.9,0
21,20,11,15375,2048.2,0
22,12,3,15375,4051.28,0
22,12,4,15375,1136.88,0
22,13,4,15375,1533.89,0
22,13,5,15375,2896.35,0
22,13,6,15375,2553.48,0
22,13,7,15375,1642.17,0
22,13,8,15375,1227.11,0
22,13,9,15375,4376.1,0
22,14,4,15375,4737.02,0
22,14,5,15375,2454.23,0
22,14,6,15375,4637.76,0
22,14,7,15375,3311.4,0
22,14,8,15375,2418.13,0
22,14,9,15375,4060.3,0
22,14,10,15375,1678.26,0
22,15,5,15375,4691.9,0
22,15,6,15375,7895.03,0
22,15,7,15375,5810.74,0
22,15,8,15375,5088.91,0
22,15,9,15375,4709.95,0
22,15,10,15375,2228.65,0
22,16,4,15375,9898.11,0
22,16,5,15375,11332.75,0
22,16,6,15375,8048.42,0
22,16,7,15375,5603.21,0
22,16,8,15375,7470.95,0
22,16,9,15375,8147.67,0
22,16,10,15375,5052.82,0
22,17,4,15375,5170.11,0
22,17,5,15375,2183.54,0
22,17,6,15375,4033.23,0
22,17,7,15375,5531.03,0
22,17,8,15375,3582.09,0
22,17,9,15375,9068.0,0
22,17,10,15375,10574.82,0
22,18,3,15375,5088.91,0
22,18,4,15375,1218.09,0
22,18,5,15375,4267.83,0
22,18,6,15375,3924.96,0
22,18,7,15375,3654.27,0
22,18,8,15375,2797.1,0
22,18,9,15375,2697.84,0
22,18,10,15375,3058.76,0
22,19,5,15375,1750.44,0
22,19,6,15375,1615.1,0
22,19,7,15375,857.17,0
22,19,8,15375,3176.06,0
22,19,9,15375,2364.0,0
22,19,10,15375,821.08,0
22,20,7,15375,1714.35,0
22,20,8,15375,2291.81,0
22,20,9,15375,1335.39,0
22,20,10,15375,1254.18,0
23,13,4,15375,1579.01,0
23,13,5,15375,2697.84,0
23,13,6,15375,2327.9,0
23,13,7,15375,1290.27,0
23,14,4,15375,8869.5,0
23,14,5,15375,2652.73,0
23,14,6,15375,3672.32,0
23,14,7,15375,2183.54,0
23,14,8,15375,2887.32,0
23,14,9,15375,3780.59,0
23,14,10,15375,920.33,0
23,14,11,15375,2012.1,0
23,15,5,15375,5386.66,0
23,15,6,15375,14039.61,0
23,15,7,15375,5864.88,0
23,15,8,15375,5242.3,0
23,15,9,15375,2788.07,0
23,15,10,15375,4267.83,0
23,15,11,15375,2003.08,0
23,16,4,15375,8761.22,0
23,16,5,15375,9004.84,0
23,16,6,15375,5873.9,0
23,16,7,15375,3176.06,0
23,16,8,15375,4249.78,0
23,16,9,15375,7597.27,0
23,16,10,15375,3988.12,0
23,16,11,15375,7019.81,0
23,17,4,15375,3672.32,0
23,17,5,15375,1524.87,0
23,17,6,15375,3645.25,0
23,17,7,15375,9194.32,0
23,17,8,15375,6388.2,0
23,17,9,15375,10466.55,0
23,17,10,15375,7452.9,0
23,18,4,15375,1109.82,0
23,18,5,15375,5991.2,0
23,18,6,15375,3401.63,0
23,18,7,15375,3627.2,0
23,18,8,15375,4349.03,0
23,18,9,15375,2968.53,0
23,18,10,15375,4926.5,0
23,18,11,15375,7597.27,0
23,19,6,15375,1200.04,0
23,19,7,15375,631.6,0
23,19,8,15375,1985.04,0
23,19,9,15375,1488.78,0
23,19,10,15375,775.97,0
23,19,11,15375,1633.14,0
23,20,8,15375,2797.1,0
23,20,9,15375,1371.48,0
23,20,10,15375,667.69,0
23,20,11,15375,1200.04,0
24,13,4,15375,1389.52,0
24,13,5,15375,3049.74,0
24,13,6,15375,1218.09,0
24,13,7,15375,1001.54,0
24,14,4,15375,8427.38,0
24,14,5,15375,3230.19,0
24,14,6,15375,2210.61,0
24,14,7,15375,974.47,0
24,14,8,15375,3753.52,0
24,14,9,15375,1533.89,0
24,14,10,15375,748.9,0
24,14,11,15375,1019.59,0
24,15,5,15375,5224.25,0
24,15,6,15375,14328.35,0
24,15,7,15375,4330.99,0
24,15,8,15375,5170.11,0
24,15,9,15375,3906.91,0
24,15,10,15375,3708.41,0
24,15,11,15375,1335.39,0
24,16,4,15375,11729.75,0
24,16,5,15375,5332.53,0
24,16,6,15375,5386.66,0
24,16,7,15375,5115.98,0
24,16,8,15375,3527.95,0
24,16,9,15375,7687.5,0
24,16,10,15375,2887.32,0
24,16,11,15375,6884.46,0
24,17,4,15375,2842.21,0
24,17,5,15375,2481.29,0
24,17,6,15375,3663.29,0
24,17,7,15375,11468.09,0
24,17,8,15375,6893.49,0
24,17,9,15375,5693.44,0
24,17,10,15375,5125.0,0
24,18,3,15375,1669.23,0
24,18,4,15375,1434.64,0
24,18,5,15375,6198.72,0
24,18,6,15375,2427.16,0
24,18,7,15375,4791.15,0
24,18,8,15375,7389.74,0
24,18,9,15375,6316.02,0
24,18,10,15375,6451.36,0
24,18,11,15375,8643.93,0
24,19,5,15375,1840.67,0
24,19,6,15375,839.13,0
24,19,7,15375,541.37,0
24,19,8,15375,1145.91,0
24,19,9,15375,1380.5,0
24,19,10,15375,1263.2,0
24,19,11,15375,1795.55,0
24,20,7,15375,2454.23,0
24,20,8,15375,2779.05,0
24,20,9,15375,1055.68,0
24,20,10,15375,424.08,0
24,20,11,15375,839.13,0
25,13,4,15375,1344.41,0
25,13,5,15375,2706.87,0
25,13,6,15375,1091.77,0
25,14,4,15375,5738.56,0
25,14,5,15375,4664.83,0
25,14,6,15375,2201.58,0
25,14,7,15375,1182.0,0
25,14,8,15375,1786.53,0
25,14,9,15375,1091.77,0
25,14,10,15375,378.96,0
25,14,11,15375,360.92,0
25,15,5,15375,4105.41,0
25,15,6,15375,9564.26,0
25,15,7,15375,4204.67,0
25,15,8,15375,3148.99,0
25,15,9,15375,3004.62,0
25,15,10,15375,2427.16,0
25,15,11,15375,1551.94,0
25,16,4,15375,14617.08,0
25,16,5,15375,5206.21,0
25,16,6,15375,4015.18,0
25,16,7,15375,4358.05,0
25,16,8,15375,4258.8,0
25,16,9,15375,10286.09,0
25,16,10,15375,3356.51,0
25,16,11,15375,7110.04,0
25,17,4,15375,2986.58,0
25,17,5,15375,4024.21,0
25,17,6,15375,4818.22,0
25,17,7,15375,12830.55,0
25,17,8,15375,10033.45,0
25,17,9,15375,2075.26,0
25,17,10,15375,4953.57,0
25,18,3,15375,1407.57,0
25,18,4,15375,1407.57,0
25,18,5,15375,3654.27,0
25,18,6,15375,2282.79,0
25,18,7,15375,2571.52,0
25,18,8,15375,9374.78,0
25,18,9,15375,8102.55,0
25,18,10,15375,7633.36,0
25,18,11,15375,7940.14,0
25,19,4,15375,1209.07,0
25,19,5,15375,1957.97,0
25,19,6,15375,875.22,0
25,19,7,15375,568.44,0
25,19,8,15375,1876.76,0
25,19,9,15375,1019.59,0
25,19,10,15375,2598.59,0
25,19,11,15375,4493.4,0
25,20,6,15375,2905.37,0
25,20,7,15375,3266.29,0
25,20,8,15375,3239.22,0
25,20,9,15375,956.43,0
25,20,10,15375,667.69,0
25,20,11,15375,803.04,0
26,13,4,15375,1254.18,0
26,13,5,15375,2084.29,0
26,13,6,15375,613.56,0
26,13,7,15375,658.67,0
26,14,4,15375,3627.2,0
26,14,5,15375,3627.2,0
26,14,6,15375,3600.13,0
26,14,7,15375,1416.59,0
26,14,8,15375,1064.7,0
26,14,9,15375,1443.66,0
26,14,10,15375,270.69,0
26,14,11,15375,306.78,0
26,15,5,15375,6307.0,0
26,15,6,15375,8652.95,0
26,15,7,15375,4285.87,0
26,15,8,15375,2553.48,0
26,15,9,15375,1795.55,0
26,15,10,15375,2246.7,0
26,15,11,15375,1353.43,0
26,16,4,15375,10782.35,0
26,16,5,15375,4042.25,0
26,16,6,15375,3040.71,0
26,16,7,15375,3780.59,0
26,16,8,15375,3870.82,0
26,16,9,15375,7407.79,0
26,16,10,15375,4484.37,0
26,16,11,15375,4394.15,0
26,17,4,15375,2724.91,0
26,17,5,15375,7299.52,0
26,17,6,15375,4655.81,0
26,17,7,15375,11657.57,0
26,17,8,15375,11080.11,0
26,17,9,15375,2075.26,0
26,17,10,15375,2824.16,0
26,18,3,15375,1957.97,0
26,18,4,15375,2147.45,0
26,18,5,15375,1976.01,0
26,18,6,15375,2724.91,0
26,18,7,15375,2896.35,0
26,18,8,15375,6857.39,0
26,18,9,15375,8661.97,0
26,18,10,15375,6550.62,0
26,18,11,15375,10448.5,0
26,19,3,15375,884.24,0
26,19,4,15375,1299.3,0
26,19,5,15375,3239.22,0
26,19,6,15375,1705.33,0
26,19,7,15375,766.95,0
26,19,8,15375,1615.1,0
26,19,9,15375,1560.96,0
26,19,10,15375,4376.1,0
26,19,11,15375,5756.6,0
26,20,4,15375,1867.74,0
26,20,5,15375,5287.41,0
26,20,6,15375,1994.06,0
26,20,7,15375,2382.04,0
26,20,8,15375,5982.17,0
26,20,9,15375,1290.27,0
26,20,10,15375,1091.77,0
26,20,11,15375,1118.84,0
27,13,4,15375,1127.86,0
27,13,5,15375,1678.26,0
27,13,6,15375,848.15,0
27,13,7,15375,1191.02,0
27,13,8,15375,541.37,0
27,14,4,15375,1939.92,0
27,14,5,15375,2950.48,0
27,14,6,15375,3681.34,0
27,14,7,15375,1894.81,0
27,14,8,15375,1172.98,0
27,14,9,15375,1669.23,0
27,14,10,15375,433.1,0
27,14,11,15375,505.28,0
27,15,5,15375,7254.4,0
27,15,6,15375,5404.71,0
27,15,7,15375,3248.24,0
27,15,8,15375,2192.56,0
27,15,9,15375,1479.75,0
27,15,10,15375,1542.91,0
27,15,11,15375,1371.48,0
27,16,4,15375,6505.5,0
27,16,5,15375,3500.88,0
27,16,6,15375,2327.9,0
27,16,7,15375,4015.18,0
27,16,8,15375,2382.04,0
27,16,9,15375,4628.74,0
27,16,10,15375,3870.82,0
27,16,11,15375,2084.29,0
27,17,4,15375,2436.18,0
27,17,5,15375,8716.11,0
27,17,6,15375,5792.69,0
27,17,7,15375,10268.05,0
27,17,8,15375,11224.47,0
27,17,9,15375,2724.91,0
27,17,10,15375,3618.18,0
27,18,3,15375,2580.55,0
27,18,4,15375,3067.78,0
27,18,5,15375,1714.35,0
27,18,6,15375,2237.68,0
27,18,7,15375,4890.4,0
27,18,8,15375,3645.25,0
27,18,9,15375,5928.04,0
27,18,10,15375,5837.81,0
27,18,11,15375,12081.65,0
27,19,3,15375,920.33,0
27,19,4,15375,1966.99,0
27,19,5,15375,5296.43,0
27,19,6,15375,1795.55,0
27,19,7,15375,1669.23,0
27,19,8,15375,2463.25,0
27,19,9,15375,1452.68,0
27,19,10,15375,3988.12,0
27,19,11,15375,6433.32,0
27,20,3,15375,1588.03,0
27,20,4,15375,2977.55,0
27,20,5,15375,5982.17,0
27,20,6,15375,1362.46,0
27,20,7,15375,3482.83,0
27,20,8,15375,4737.02,0
27,20,9,15375,1723.37,0
27,20,10,15375,1497.8,0
27,20,11,15375,1705.33,0
27,21,5,15375,2084.29,0
28,12,3,15375,1200.04,0
28,13,4,15375,1389.52,0
28,13,5,15375,1452.68,0
28,13,6,15375,1245.16,0
28,13,7,15375,1831.65,0
28,13,8,15375,875.22,0
28,13,9,15375,1921.87,0
28,14,4,15375,2400.09,0
28,14,5,15375,1939.92,0
28,14,6,15375,3861.8,0
28,14,7,15375,2950.48,0
28,14,8,15375,1876.76,0
28,14,9,15375,1245.16,0
28,14,10,15375,622.58,0
28,15,5,15375,5828.79,0
28,15,6,15375,4484.37,0
28,15,7,15375,2084.29,0
28,15,8,15375,1398.55,0
28,15,9,15375,2147.45,0
28,15,10,15375,1272.23,0
28,16,4,15375,5233.27,0
28,16,5,15375,6803.26,0
28,16,6,15375,2788.07,0
28,16,7,15375,4718.97,0
28,16,8,15375,1777.51,0
28,16,9,15375,3780.59,0
28,16,10,15375,2345.95,0
28,17,4,15375,4051.28,0
28,17,5,15375,7642.39,0
28,17,6,15375,5052.82,0
28,17,7,15375,9519.15,0
28,17,8,15375,6343.09,0
28,17,9,15375,4737.02,0
28,17,10,15375,4601.67,0
28,18,3,15375,3004.62,0
28,18,4,15375,3591.11,0
28,18,5,15375,1317.34,0
28,18,6,15375,2003.08,0
28,18,7,15375,3789.61,0
28,18,8,15375,2481.29,0
28,18,9,15375,3564.04,0
28,18,10,15375,5792.69,0
28,19,3,15375,1849.69,0
28,19,4,15375,4691.9,0
28,19,5,15375,6749.12,0
28,19,6,15375,2111.36,0
28,19,7,15375,2607.61,0
28,19,8,15375,3816.68,0
28,19,9,15375,1957.97,0
28,19,10,15375,3816.68,0
28,20,3,15375,3536.97,0
28,20,4,15375,5125.0,0
28,20,5,15375,7633.36,0
28,20,6,15375,2021.13,0
28,20,7,15375,4899.43,0
28,20,8,15375,4782.13,0
28,20,9,15375,1732.39,0
28,20,10,15375,1804.58,0
28,21,4,15375,3410.65,0
28,21,5,15375,3158.01,0
29,12,3,15375,1154.93,0
29,13,4,15375,1416.59,0
29,13,5,15375,2237.68,0
29,13,6,15375,1326.36,0
29,13,7,15375,2075.26,0
29,13,8,15375,1046.65,0
29,13,9,15375,1434.64,0
29,14,4,15375,2021.13,0
29,14,5,15375,1542.91,0
29,14,6,15375,2499.34,0
29,14,7,15375,2905.37,0
29,14,8,15375,1777.51,0
29,14,9,15375,1633.14,0
29,14,10,15375,1299.3,0
29,15,5,15375,5738.56,0
29,15,6,15375,3627.2,0
29,15,7,15375,1660.21,0
29,15,8,15375,1010.56,0
29,15,9,15375,1714.35,0
29,15,10,15375,1272.23,0
29,16,4,15375,4727.99,0
29,16,5,15375,7461.93,0
29,16,6,15375,3518.93,0
29,16,7,15375,4222.71,0
29,16,8,15375,1705.33,0
29,16,9,15375,4854.31,0
29,16,10,15375,1750.44,0
29,17,4,15375,3645.25,0
29,17,5,15375,3961.05,0
29,17,6,15375,5170.11,0
29,17,7,15375,9789.83,0
29,17,8,15375,7696.52,0
29,17,9,15375,5783.67,0
29,17,10,15375,5260.34,0
29,18,3,15375,2409.11,0
29,18,4,15375,5503.96,0
29,18,5,15375,1317.34,0
29,18,6,15375,4574.6,0
29,18,7,15375,3392.61,0
29,18,8,15375,2851.23,0
29,18,9,15375,2878.3,0
29,18,10,15375,6857.39,0
29,19,3,15375,2111.36,0
29,19,4,15375,7813.82,0
29,19,5,15375,4619.72,0
29,19,6,15375,2084.29,0
29,19,7,15375,2878.3,0
29,19,8,15375,3121.92,0
29,19,9,15375,2156.47,0
29,19,10,15375,4520.47,0
29,20,3,15375,6640.85,0
29,20,4,15375,6451.36,0
29,20,5,15375,8562.72,0
29,20,6,15375,4042.25,0
29,20,7,15375,4854.31,0
29,20,8,15375,4980.63,0
29,20,9,15375,1335.39,0
29,20,10,15375,3239.22,0
29,21,4,15375,7732.61,0
29,21,5,15375,2833.19,0
30,13,4,15375,1371.48,0
30,13,5,15375,4700.92,0
30,13,7,15375,2192.56,0
30,13,8,15375,2012.1,0
30,14,4,15375,1353.43,0
30,14,5,15375,1994.06,0
30,14,7,15375,2436.18,0
30,14,8,15375,2030.15,0
30,16,4,15375,7714.57,0
30,16,5,15375,7768.71,0
30,16,7,15375,5774.65,0
30,16,8,15375,3618.18,0
30,17,4,15375,2706.87,0
30,17,5,15375,2779.05,0
30,17,7,15375,11756.82,0
30,17,8,15375,11098.15,0
30,18,4,15375,4448.28,0
30,18,5,15375,1308.32,0
30,18,7,15375,3356.51,0
30,18,8,15375,2860.26,0
30,19,4,15375,7209.29,0
30,19,5,15375,3031.69,0
30,19,7,15375,1479.75,0
30,19,8,15375,2697.84,0
30,20,4,15375,4718.97,0
30,20,5,15375,7534.11,0
30,20,7,15375,5179.14,0
30,20,8,15375,2724.91,0
