6,12,4,15375,1533.8,0
6,12,5,15375,2022.83,0
6,12,6,15375,2763.8,0
6,12,7,15375,2882.35,0
6,13,4,15375,2148.8,0
6,13,5,15375,2185.84,0
6,13,6,15375,3186.14,0
6,13,7,15375,2978.67,0
6,15,5,15375,5031.14,0
6,15,6,15375,6201.87,0
6,15,7,15375,4334.64,0
6,16,4,15375,5275.66,0
6,16,5,15375,4423.55,0
6,16,6,15375,5371.99,0
6,16,7,15375,4986.69,0
6,17,4,15375,5438.67,0
6,17,5,15375,5475.72,0
6,17,6,15375,9254.64,0
6,17,7,15375,2845.3,0
7,10,5,15375,1178.13,0
7,10,6,15375,1170.72,0
7,10,7,15375,852.11,0
7,10,9,15375,533.49,0
7,11,3,15375,2096.93,0
7,11,4,15375,2267.35,0
7,11,5,15375,1970.96,0
7,11,6,15375,2126.57,0
7,11,7,15375,1178.13,0
7,11,8,15375,674.28,0
7,11,9,15375,733.55,0
7,12,3,15375,2341.45,0
7,12,4,15375,2697.11,0
7,12,5,15375,2371.08,0
7,12,6,15375,3089.82,0
7,12,7,15375,2467.41,0
7,12,8,15375,1363.37,0
7,12,9,15375,1178.13,0
7,13,4,15375,1763.49,0
7,13,5,15375,1919.1,0
7,13,6,15375,2074.7,0
7,13,7,15375,1696.81,0
7,13,8,15375,2400.72,0
7,13,9,15375,2000.6,0
7,14,4,15375,7617.11,0
7,14,5,15375,4305.0,0
7,14,6,15375,5772.11,0
7,14,7,15375,1919.1,0
7,14,8,15375,652.05,0
7,14,9,15375,1355.96,0
7,15,5,15375,7202.17,0
7,15,6,15375,7654.16,0
7,15,7,15375,3578.86,0
7,15,8,15375,3267.65,0
7,15,9,15375,3638.13,0
7,16,4,15375,4097.53,0
7,16,5,15375,4571.75,0
7,16,6,15375,5201.57,0
7,16,7,15375,4964.46,0
7,16,8,15375,6639.04,0
7,16,9,15375,3341.75,0
7,17,4,15375,6209.28,0
7,17,5,15375,5890.66,0
7,17,6,15375,7987.59,0
7,17,7,15375,3245.42,0
7,17,8,15375,2133.98,0
7,17,9,15375,1459.7,0
7,18,3,15375,2652.65,0
7,18,4,15375,1111.45,0
7,18,5,15375,3830.78,0
7,18,6,15375,5246.02,0
7,18,7,15375,6564.94,0
7,18,8,15375,5772.11,0
7,18,9,15375,9684.4,0
8,10,5,15375,955.84,0
8,10,6,15375,859.52,0
8,10,7,15375,659.46,0
8,10,9,15375,637.23,0
8,11,3,15375,2830.48,0
8,11,4,15375,1756.08,0
8,11,5,15375,1926.51,0
8,11,6,15375,1941.33,0
8,11,7,15375,1511.57,0
8,11,8,15375,763.19,0
8,11,9,15375,926.2,0
8,11,10,15375,437.17,0
8,12,3,15375,2808.25,0
8,12,4,15375,3052.77,0
8,12,5,15375,2497.05,0
8,12,6,15375,3000.9,0
8,12,7,15375,2185.84,0
8,12,8,15375,955.84,0
8,12,9,15375,1074.4,0
8,12,10,15375,807.65,0
8,13,4,15375,1704.22,0
8,13,5,15375,1667.17,0
8,13,6,15375,1630.12,0
8,13,7,15375,1274.46,0
8,13,8,15375,2126.57,0
8,13,9,15375,2519.28,0
8,13,10,15375,2482.23,0
8,14,4,15375,8017.23,0
8,14,5,15375,3363.98,0
8,14,6,15375,4319.82,0
8,14,7,15375,1822.77,0
8,14,8,15375,637.23,0
8,14,9,15375,1111.45,0
8,14,10,15375,1578.25,0
8,15,5,15375,5053.37,0
8,15,6,15375,5290.48,0
8,15,7,15375,3430.66,0
8,15,8,15375,2326.63,0
8,15,9,15375,3489.94,0
8,15,10,15375,4230.9,0
8,16,4,15375,4712.53,0
8,16,5,15375,3415.84,0
8,16,6,15375,4994.1,0
8,16,7,15375,4230.9,0
8,16,8,15375,3052.77,0
8,16,9,15375,3578.86,0
8,16,10,15375,2504.46,0
8,17,4,15375,5735.06,0
8,17,5,15375,7002.11,0
8,17,6,15375,7165.12,0
8,17,7,15375,4393.92,0
8,17,8,15375,2556.33,0
8,17,9,15375,2319.22,0
8,17,10,15375,6564.94,0
8,18,3,15375,2422.95,0
8,18,4,15375,540.9,0
8,18,5,15375,3853.01,0
8,18,6,15375,5823.98,0
8,18,7,15375,7935.72,0
8,18,8,15375,5727.65,0
8,18,9,15375,5912.89,0
8,18,10,15375,6690.9,0
8,19,3,15375,1200.36,0
8,19,4,15375,2489.64,0
8,19,5,15375,3601.08,0
8,19,6,15375,1778.31,0
8,19,7,15375,1000.3,0
8,19,8,15375,2282.17,0
8,19,9,15375,2341.45,0
8,19,10,15375,3993.8,0
9,10,5,15375,1111.45,0
9,10,6,15375,711.33,0
9,11,4,15375,1089.22,0
9,11,5,15375,1496.75,0
9,11,6,15375,785.42,0
9,11,7,15375,903.98,0
9,11,8,15375,1015.12,0
9,11,9,15375,1192.95,0
9,11,10,15375,526.08,0
9,11,11,15375,1141.08,0
9,12,4,15375,2986.08,0
9,12,5,15375,1578.25,0
9,12,6,15375,2971.27,0
9,12,7,15375,1726.45,0
9,12,8,15375,1044.76,0
9,12,9,15375,763.19,0
9,12,10,15375,837.29,0
9,13,4,15375,1274.46,0
9,13,5,15375,2571.14,0
9,13,6,15375,1985.78,0
9,13,7,15375,1259.64,0
9,13,8,15375,2045.06,0
9,13,9,15375,2030.24,0
9,13,10,15375,3112.05,0
9,13,11,15375,1896.87,0
9,14,4,15375,7268.86,0
9,14,5,15375,2593.37,0
9,14,6,15375,3756.69,0
9,14,7,15375,2067.29,0
9,14,8,15375,829.88,0
9,14,9,15375,970.66,0
9,14,10,15375,1837.59,0
9,14,11,15375,2237.71,0
9,15,5,15375,4075.3,0
9,15,6,15375,5090.42,0
9,15,7,15375,3756.69,0
9,15,8,15375,1741.27,0
9,15,9,15375,2230.3,0
9,15,10,15375,5097.83,0
9,15,11,15375,2956.45,0
9,16,4,15375,5890.66,0
9,16,5,15375,3771.51,0
9,16,6,15375,3682.59,0
9,16,7,15375,3838.19,0
9,16,8,15375,2637.83,0
9,16,9,15375,2993.49,0
9,16,10,15375,2111.75,0
9,16,11,15375,2171.02,0
9,17,4,15375,5690.6,0
9,17,5,15375,9373.19,0
9,17,6,15375,5646.14,0
9,17,7,15375,6142.59,0
9,17,8,15375,2911.99,0
9,17,9,15375,3408.43,0
9,17,10,15375,7387.41,0
9,18,4,15375,496.45,0
9,18,5,15375,3712.23,0
9,18,6,15375,4697.71,0
9,18,7,15375,5712.83,0
9,18,8,15375,6053.67,0
9,18,9,15375,5068.19,0
9,18,10,15375,6090.72,0
9,18,11,15375,2815.66,0
9,19,4,15375,2689.7,0
9,19,5,15375,2756.39,0
9,19,6,15375,2711.93,0
9,19,7,15375,1037.35,0
9,19,8,15375,2460.0,0
9,19,9,15375,2208.07,0
9,19,10,15375,3549.22,0
9,19,11,15375,3452.89,0
10,11,3,15375,2334.04,0
10,11,4,15375,637.23,0
10,11,5,15375,1326.33,0
10,11,6,15375,518.67,0
10,11,7,15375,785.42,0
10,11,8,15375,933.61,0
10,11,9,15375,689.1,0
10,12,3,15375,5031.14,0
10,12,4,15375,2748.98,0
10,12,5,15375,1459.7,0
10,12,6,15375,2334.04,0
10,12,7,15375,1704.22,0
10,12,8,15375,837.29,0
10,12,9,15375,926.2,0
10,12,10,15375,703.92,0
10,13,4,15375,1800.54,0
10,13,5,15375,2956.45,0
10,13,6,15375,2348.86,0
10,13,7,15375,2437.77,0
10,13,8,15375,1511.57,0
10,13,9,15375,1933.92,0
10,13,10,15375,1667.17,0
10,13,11,15375,1496.75,0
10,14,4,15375,5438.67,0
10,14,5,15375,1867.23,0
10,14,6,15375,2585.96,0
10,14,7,15375,2408.13,0
10,14,8,15375,1748.67,0
10,14,9,15375,1615.3,0
10,14,10,15375,2422.95,0
10,14,11,15375,3060.18,0
10,15,5,15375,4527.29,0
10,15,6,15375,5105.24,0
10,15,7,15375,4386.51,0
10,15,8,15375,1845.0,0
10,15,9,15375,3445.48,0
10,15,10,15375,4957.05,0
10,15,11,15375,2052.47,0
10,16,4,15375,5023.73,0
10,16,5,15375,5468.31,0
10,16,6,15375,4749.58,0
10,16,7,15375,3423.25,0
10,16,8,15375,4260.54,0
10,16,9,15375,3186.14,0
10,16,10,15375,3334.34,0
10,16,11,15375,3171.33,0
10,17,4,15375,7098.43,0
10,17,5,15375,10017.83,0
10,17,6,15375,3941.93,0
10,17,7,15375,4290.18,0
10,17,8,15375,3008.31,0
10,17,9,15375,4430.96,0
10,17,10,15375,6246.33,0
10,18,3,15375,5327.53,0
10,18,4,15375,711.33,0
10,18,5,15375,2734.16,0
10,18,6,15375,5060.78,0
10,18,7,15375,4808.86,0
10,18,8,15375,6750.18,0
10,18,9,15375,5305.3,0
10,18,10,15375,4794.04,0
10,18,11,15375,3082.41,0
10,19,3,15375,763.19,0
10,19,4,15375,3215.78,0
10,19,5,15375,3393.61,0
10,19,6,15375,3771.51,0
10,19,7,15375,748.37,0
10,19,8,15375,2267.35,0
10,19,9,15375,3008.31,0
10,19,10,15375,2808.25,0
10,19,11,15375,2697.11,0
10,20,3,15375,2393.31,0
10,20,4,15375,4845.9,0
10,20,5,15375,2208.07,0
10,20,6,15375,1215.18,0
10,20,7,15375,2719.34,0
10,20,8,15375,4060.48,0
10,20,9,15375,1489.34,0
10,20,10,15375,637.23,0
10,20,11,15375,1355.96,0
11,11,3,15375,1681.99,0
11,11,4,15375,407.53,0
11,11,5,15375,1274.46,0
11,11,6,15375,466.81,0
11,11,7,15375,681.69,0
11,11,8,15375,740.96,0
11,12,3,15375,4067.89,0
11,12,4,15375,2652.65,0
11,12,5,15375,2215.48,0
11,12,6,15375,1407.83,0
11,12,7,15375,2326.63,0
11,12,8,15375,1111.45,0
11,12,9,15375,822.47,0
11,12,10,15375,874.34,0
11,13,4,15375,2956.45,0
11,13,5,15375,3882.65,0
11,13,6,15375,2452.59,0
11,13,7,15375,3912.29,0
11,13,8,15375,2482.23,0
11,13,9,15375,1733.86,0
11,13,10,15375,1637.53,0
11,13,11,15375,1874.64,0
11,14,4,15375,4141.99,0
11,14,5,15375,2222.89,0
11,14,6,15375,2141.39,0
11,14,7,15375,3890.06,0
11,14,8,15375,2726.75,0
11,14,9,15375,2141.39,0
11,14,10,15375,4104.94,0
11,14,11,15375,2363.67,0
11,15,5,15375,6601.99,0
11,15,6,15375,5083.01,0
11,15,7,15375,6209.28,0
11,15,8,15375,2452.59,0
11,15,9,15375,4067.89,0
11,15,10,15375,5690.6,0
11,15,11,15375,2000.6,0
11,16,4,15375,5379.4,0
11,16,5,15375,7520.78,0
11,16,6,15375,9758.49,0
11,16,7,15375,4119.76,0
11,16,8,15375,3786.33,0
11,16,9,15375,2934.22,0
11,16,10,15375,7698.61,0
11,16,11,15375,5342.35,0
11,17,4,15375,7157.71,0
11,17,5,15375,5557.23,0
11,17,6,15375,3793.73,0
11,17,7,15375,3793.73,0
11,17,8,15375,3452.89,0
11,17,9,15375,5846.2,0
11,17,10,15375,5846.2,0
11,18,3,15375,4305.0,0
11,18,4,15375,703.92,0
11,18,5,15375,1963.55,0
11,18,6,15375,4779.22,0
11,18,7,15375,4238.31,0
11,18,8,15375,6305.6,0
11,18,9,15375,6090.72,0
11,18,10,15375,4882.95,0
11,18,11,15375,5179.34,0
11,19,3,15375,1244.82,0
11,19,4,15375,2511.87,0
11,19,5,15375,3734.46,0
11,19,6,15375,3230.6,0
11,19,7,15375,844.7,0
11,19,8,15375,1467.11,0
11,19,9,15375,1704.22,0
11,19,10,15375,3778.92,0
11,19,11,15375,2674.88,0
11,20,3,15375,1126.27,0
11,20,4,15375,5964.76,0
11,20,5,15375,2689.7,0
11,20,6,15375,837.29,0
11,20,7,15375,2763.8,0
11,20,8,15375,3815.96,0
11,20,9,15375,1244.82,0
11,20,10,15375,807.65,0
11,20,11,15375,941.02,0
12,11,3,15375,1155.9,0
12,11,4,15375,548.31,0
12,11,5,15375,726.14,0
12,11,6,15375,489.04,0
12,11,7,15375,755.78,0
12,11,8,15375,711.33,0
12,12,3,15375,3423.25,0
12,12,4,15375,2852.71,0
12,12,5,15375,2682.29,0
12,12,6,15375,2193.25,0
12,12,7,15375,2245.12,0
12,12,8,15375,918.8,0
12,12,9,15375,689.1,0
12,12,10,15375,1333.73,0
12,13,4,15375,5586.87,0
12,13,5,15375,3786.33,0
12,13,6,15375,3245.42,0
12,13,7,15375,4075.3,0
12,13,8,15375,3912.29,0
12,13,9,15375,1415.24,0
12,13,10,15375,2030.24,0
12,13,11,15375,1444.88,0
12,14,4,15375,3526.99,0
12,14,5,15375,2185.84,0
12,14,6,15375,2171.02,0
12,14,7,15375,4438.37,0
12,14,8,15375,3126.87,0
12,14,9,15375,2548.92,0
12,14,10,15375,5468.31,0
12,14,11,15375,2623.01,0
12,15,5,15375,6831.69,0
12,15,6,15375,7091.02,0
12,15,7,15375,7387.41,0
12,15,8,15375,3326.93,0
12,15,9,15375,3675.18,0
12,15,10,15375,5260.84,0
12,15,11,15375,2585.96,0
12,16,4,15375,5201.57,0
12,16,5,15375,6831.69,0
12,16,6,15375,12025.84,0
12,16,7,15375,7587.47,0
12,16,8,15375,5838.8,0
12,16,9,15375,4660.66,0
12,16,10,15375,9914.1,0
12,16,11,15375,6994.7,0
12,17,4,15375,7016.93,0
12,17,5,15375,4164.22,0
12,17,6,15375,4312.41,0
12,17,7,15375,3660.36,0
12,17,8,15375,4127.17,0
12,17,9,15375,6357.47,0
12,17,10,15375,7150.3,0
12,18,3,15375,2674.88,0
12,18,4,15375,615.0,0
12,18,5,15375,2971.27,0
12,18,6,15375,2963.86,0
12,18,7,15375,2978.67,0
12,18,8,15375,4727.35,0
12,18,9,15375,5601.69,0
12,18,10,15375,3423.25,0
12,18,11,15375,5260.84,0
12,19,3,15375,3030.54,0
12,19,4,15375,2215.48,0
12,19,5,15375,1933.92,0
12,19,6,15375,2282.17,0
12,19,7,15375,1215.18,0
12,19,8,15375,1044.76,0
12,19,9,15375,1496.75,0
12,19,10,15375,2971.27,0
12,19,11,15375,3341.75,0
12,20,4,15375,4334.64,0
12,20,5,15375,1830.18,0
12,20,6,15375,926.2,0
12,20,7,15375,3045.36,0
12,20,8,15375,2511.87,0
12,20,9,15375,1133.67,0
12,20,10,15375,1474.52,0
12,20,11,15375,696.51,0
13,11,4,15375,496.45,0
13,11,5,15375,540.9,0
13,11,6,15375,807.65,0
13,11,7,15375,1830.18,0
13,12,4,15375,1830.18,0
13,12,5,15375,2726.75,0
13,12,6,15375,1830.18,0
13,12,7,15375,1252.23,0
13,12,8,15375,733.55,0
13,12,9,15375,607.59,0
13,12,10,15375,1607.89,0
13,13,4,15375,4875.54,0
13,13,5,15375,4764.4,0
13,13,6,15375,4008.61,0
13,13,7,15375,3334.34,0
13,13,8,15375,4008.61,0
13,13,9,15375,1474.52,0
13,13,10,15375,2645.24,0
13,14,4,15375,5594.28,0
13,14,5,15375,2178.43,0
13,14,6,15375,1511.57,0
13,14,7,15375,4475.42,0
13,14,8,15375,2000.6,0
13,14,9,15375,3178.73,0
13,14,10,15375,4949.64,0
13,15,5,15375,7298.49,0
13,15,6,15375,6898.37,0
13,15,7,15375,7957.95,0
13,15,8,15375,4942.23,0
13,15,9,15375,4208.67,0
13,15,10,15375,4193.86,0
13,16,4,15375,4067.89,0
13,16,5,15375,6979.88,0
13,16,6,15375,8817.47,0
13,16,7,15375,6713.13,0
13,16,8,15375,7083.61,0
13,16,9,15375,5764.7,0
13,16,10,15375,9654.76,0
13,17,4,15375,6164.82,0
13,17,5,15375,4245.72,0
13,17,6,15375,5075.6,0
13,17,7,15375,4579.16,0
13,17,8,15375,7305.9,0
13,17,9,15375,6476.02,0
13,17,10,15375,6387.11,0
13,18,4,15375,718.73,0
13,18,5,15375,2156.2,0
13,18,6,15375,1785.72,0
13,18,7,15375,2911.99,0
13,18,8,15375,3423.25,0
13,18,9,15375,4290.18,0
13,18,10,15375,3230.6,0
13,19,4,15375,2393.31,0
13,19,5,15375,1637.53,0
13,19,6,15375,1430.06,0
13,19,7,15375,1733.86,0
13,19,8,15375,955.84,0
13,19,9,15375,1015.12,0
13,19,10,15375,3704.82,0
13,20,5,15375,1993.19,0
13,20,6,15375,1289.28,0
13,20,7,15375,4193.86,0
13,20,8,15375,1956.14,0
13,20,9,15375,1148.49,0
13,20,10,15375,2215.48,0
14,11,5,15375,555.72,0
14,11,6,15375,718.73,0
14,12,5,15375,2252.53,0
14,12,6,15375,1400.42,0
14,12,7,15375,689.1,0
14,12,8,15375,896.57,0
14,12,9,15375,459.4,0
14,12,10,15375,696.51,0
14,13,5,15375,3949.34,0
14,13,6,15375,4238.31,0
14,13,7,15375,1800.54,0
14,13,8,15375,3475.12,0
14,13,9,15375,2259.94,0
14,13,10,15375,2371.08,0
14,13,11,15375,563.13,0
14,14,5,15375,3334.34,0
14,14,6,15375,1459.7,0
14,14,7,15375,4216.08,0
14,14,8,15375,1252.23,0
14,14,9,15375,3023.13,0
14,14,10,15375,4475.42,0
14,14,11,15375,2422.95,0
14,15,5,15375,7772.71,0
14,15,6,15375,7950.54,0
14,15,7,15375,8780.42,0
14,15,8,15375,5164.52,0
14,15,9,15375,4675.48,0
14,15,10,15375,3401.02,0
14,15,11,15375,1741.27,0
14,16,5,15375,6661.27,0
14,16,6,15375,5453.49,0
14,16,7,15375,6935.42,0
14,16,8,15375,7972.77,0
14,16,9,15375,6676.08,0
14,16,10,15375,7498.55,0
14,16,11,15375,12974.28,0
14,17,5,15375,4186.45,0
14,17,6,15375,3786.33,0
14,17,7,15375,4571.75,0
14,17,8,15375,6868.73,0
14,17,9,15375,5935.12,0
14,17,10,15375,7602.29,0
14,18,5,15375,1644.94,0
14,18,6,15375,1415.24,0
14,18,7,15375,3808.55,0
14,18,8,15375,2971.27,0
14,18,9,15375,2623.01,0
14,18,10,15375,2734.16,0
14,18,11,15375,6150.0,0
14,19,5,15375,2519.28,0
14,19,6,15375,2252.53,0
14,19,7,15375,1652.35,0
14,19,8,15375,852.11,0
14,19,9,15375,992.89,0
14,19,10,15375,2830.48,0
14,19,11,15375,3363.98,0
14,20,6,15375,2422.95,0
14,20,7,15375,3415.84,0
14,20,8,15375,2341.45,0
14,20,9,15375,1400.42,0
14,20,10,15375,3282.47,0
14,20,11,15375,1089.22,0
15,11,5,15375,592.77,0
15,11,6,15375,696.51,0
15,12,5,15375,903.98,0
15,12,6,15375,2104.34,0
15,12,7,15375,948.43,0
15,12,8,15375,533.49,0
15,12,9,15375,259.34,0
15,12,10,15375,377.89,0
15,13,5,15375,3371.39,0
15,13,6,15375,3667.77,0
15,13,7,15375,1615.3,0
15,13,8,15375,2800.84,0
15,13,9,15375,3534.4,0
15,13,10,15375,2104.34,0
15,13,11,15375,466.81,0
15,14,5,15375,3489.94,0
15,14,6,15375,2852.71,0
15,14,7,15375,4423.55,0
15,14,8,15375,1104.04,0
15,14,9,15375,3334.34,0
15,14,10,15375,3793.73,0
15,14,11,15375,2993.49,0
15,15,5,15375,7587.47,0
15,15,6,15375,9906.69,0
15,15,7,15375,11129.28,0
15,15,8,15375,4897.77,0
15,15,9,15375,5431.27,0
15,15,10,15375,2156.2,0
15,15,11,15375,1059.58,0
15,16,5,15375,5349.76,0
15,16,6,15375,5327.53,0
15,16,7,15375,7053.98,0
15,16,8,15375,7920.9,0
15,16,9,15375,9180.54,0
15,16,10,15375,6579.76,0
15,16,11,15375,10366.08,0
15,17,5,15375,3534.4,0
15,17,6,15375,3460.3,0
15,17,7,15375,3334.34,0
15,17,8,15375,4179.04,0
15,17,9,15375,6275.96,0
15,17,10,15375,8202.47,0
15,18,5,15375,1185.54,0
15,18,6,15375,1459.7,0
15,18,7,15375,4608.8,0
15,18,8,15375,2452.59,0
15,18,9,15375,1674.58,0
15,18,10,15375,2630.42,0
15,18,11,15375,4290.18,0
15,19,5,15375,3771.51,0
15,19,6,15375,4356.87,0
15,19,7,15375,1393.01,0
15,19,8,15375,896.57,0
15,19,9,15375,681.69,0
15,19,10,15375,2689.7,0
15,19,11,15375,2467.41,0
15,20,7,15375,4053.07,0
15,20,8,15375,2571.14,0
15,20,9,15375,2993.49,0
15,20,10,15375,3956.75,0
15,20,11,15375,992.89,0
16,10,3,15375,1474.52,0
16,11,3,15375,978.07,0
16,11,4,15375,881.75,0
16,11,5,15375,733.55,0
16,11,6,15375,622.41,0
16,12,3,15375,2674.88,0
16,12,4,15375,1370.78,0
16,12,5,15375,666.87,0
16,12,6,15375,2467.41,0
16,12,7,15375,889.16,0
16,12,8,15375,563.13,0
16,12,9,15375,222.29,0
16,12,10,15375,251.93,0
16,13,4,15375,5149.7,0
16,13,5,15375,2911.99,0
16,13,6,15375,3349.16,0
16,13,7,15375,1444.88,0
16,13,8,15375,1859.82,0
16,13,9,15375,3623.31,0
16,13,10,15375,1948.73,0
16,13,11,15375,466.81,0
16,14,4,15375,5816.57,0
16,14,5,15375,3163.92,0
16,14,6,15375,3438.07,0
16,14,7,15375,2926.81,0
16,14,8,15375,2385.9,0
16,14,9,15375,4942.23,0
16,14,10,15375,2585.96,0
16,14,11,15375,3230.6,0
16,15,5,15375,7498.55,0
16,15,6,15375,10240.12,0
16,15,7,15375,13226.2,0
16,15,8,15375,5853.61,0
16,15,9,15375,4468.01,0
16,15,10,15375,2682.29,0
16,15,11,15375,1126.27,0
16,16,4,15375,6461.2,0
16,16,5,15375,5016.33,0
16,16,6,15375,6016.63,0
16,16,7,15375,6394.52,0
16,16,8,15375,6868.73,0
16,16,9,15375,9854.82,0
16,16,10,15375,6120.36,0
16,16,11,15375,8647.05,0
16,17,4,15375,4245.72,0
16,17,5,15375,2548.92,0
16,17,6,15375,3823.37,0
16,17,7,15375,3215.78,0
16,17,8,15375,3497.35,0
16,17,9,15375,9195.36,0
16,17,10,15375,10077.11,0
16,18,3,15375,1141.08,0
16,18,4,15375,1585.66,0
16,18,5,15375,1415.24,0
16,18,6,15375,1155.9,0
16,18,7,15375,4364.28,0
16,18,8,15375,2267.35,0
16,18,9,15375,1726.45,0
16,18,10,15375,1941.33,0
16,18,11,15375,3378.8,0
16,19,5,15375,1941.33,0
16,19,6,15375,5994.4,0
16,19,7,15375,1518.98,0
16,19,8,15375,518.67,0
16,19,9,15375,577.95,0
16,19,10,15375,1948.73,0
16,19,11,15375,3008.31,0
16,20,7,15375,3645.54,0
16,20,8,15375,2689.7,0
16,20,9,15375,5208.98,0
16,20,10,15375,2704.52,0
16,20,11,15375,740.96,0
17,10,3,15375,992.89,0
17,11,3,15375,1415.24,0
17,11,4,15375,1467.11,0
17,11,5,15375,1274.46,0
17,11,6,15375,659.46,0
17,12,3,15375,2222.89,0
17,12,4,15375,955.84,0
17,12,5,15375,681.69,0
17,12,6,15375,2089.52,0
17,12,7,15375,1422.65,0
17,12,8,15375,718.73,0
17,12,9,15375,348.25,0
17,12,10,15375,192.65,0
17,13,4,15375,4712.53,0
17,13,5,15375,3186.14,0
17,13,6,15375,2652.65,0
17,13,7,15375,918.8,0
17,13,8,15375,1007.71,0
17,13,9,15375,2511.87,0
17,13,10,15375,2482.23,0
17,13,11,15375,481.63,0
17,14,4,15375,5572.05,0
17,14,5,15375,5016.33,0
17,14,6,15375,4957.05,0
17,14,7,15375,4593.98,0
17,14,8,15375,2889.76,0
17,14,9,15375,3171.33,0
17,14,10,15375,1733.86,0
17,14,11,15375,2452.59,0
17,15,5,15375,6379.7,0
17,15,6,15375,10410.54,0
17,15,7,15375,10284.58,0
17,15,8,15375,5134.88,0
17,15,9,15375,5564.64,0
17,15,10,15375,3956.75,0
17,15,11,15375,1630.12,0
17,16,4,15375,5809.16,0
17,16,5,15375,5097.83,0
17,16,6,15375,7424.46,0
17,16,7,15375,9780.72,0
17,16,8,15375,5431.27,0
17,16,9,15375,9602.89,0
17,16,10,15375,3919.7,0
17,16,11,15375,7757.89,0
17,17,4,15375,4705.12,0
17,17,5,15375,2482.23,0
17,17,6,15375,4920.0,0
17,17,7,15375,2282.17,0
17,17,8,15375,4230.9,0
17,17,9,15375,11351.57,0
17,17,10,15375,7839.4,0
17,18,3,15375,1133.67,0
17,18,4,15375,3578.86,0
17,18,5,15375,1415.24,0
17,18,6,15375,778.01,0
17,18,7,15375,4779.22,0
17,18,8,15375,2133.98,0
17,18,9,15375,2652.65,0
17,18,10,15375,1793.13,0
17,18,11,15375,2304.4,0
18,10,3,15375,1207.77,0
18,11,3,15375,941.02,0
18,11,4,15375,1963.55,0
18,11,5,15375,1874.64,0
18,11,6,15375,829.88,0
18,12,3,15375,2415.54,0
18,12,4,15375,852.11,0
18,12,5,15375,726.14,0
18,12,6,15375,1274.46,0
18,12,7,15375,1585.66,0
18,12,8,15375,763.19,0
18,12,9,15375,548.31,0
18,12,10,15375,303.8,0
18,13,4,15375,3712.23,0
18,13,5,15375,1615.3,0
18,13,6,15375,2356.27,0
18,13,7,15375,1355.96,0
18,13,8,15375,970.66,0
18,13,9,15375,1919.1,0
18,13,10,15375,2111.75,0
18,13,11,15375,615.0,0
18,14,4,15375,5735.06,0
18,14,5,15375,5520.18,0
18,14,6,15375,9447.29,0
18,14,7,15375,5579.46,0
18,14,8,15375,4542.11,0
18,14,9,15375,1600.48,0
18,14,10,15375,1815.36,0
18,14,11,15375,3541.81,0
18,15,5,15375,6372.29,0
18,15,6,15375,12596.39,0
18,15,7,15375,8943.43,0
18,15,8,15375,7787.53,0
18,15,9,15375,7631.93,0
18,15,10,15375,4238.31,0
18,15,11,15375,2178.43,0
18,16,4,15375,6601.99,0
18,16,5,15375,4668.07,0
18,16,6,15375,6609.4,0
18,16,7,15375,8380.3,0
18,16,8,15375,6179.64,0
18,16,9,15375,9617.71,0
18,16,10,15375,2408.13,0
18,16,11,15375,7491.14,0
18,17,4,15375,3897.47,0
18,17,5,15375,3171.33,0
18,17,6,15375,4579.16,0
18,17,7,15375,2608.19,0
18,17,8,15375,3363.98,0
18,17,9,15375,8306.2,0
18,17,10,15375,5520.18,0
18,18,3,15375,1941.33,0
18,18,4,15375,4416.14,0
18,18,5,15375,1563.43,0
18,18,6,15375,659.46,0
18,18,7,15375,4082.71,0
18,18,8,15375,2208.07,0
18,18,9,15375,3593.67,0
18,18,10,15375,1807.95,0
18,18,11,15375,1911.69,0
18,19,5,15375,2393.31,0
18,19,6,15375,3875.24,0
18,19,7,15375,2363.67,0
18,19,8,15375,874.34,0
18,19,9,15375,451.99,0
18,19,10,15375,948.43,0
18,19,11,15375,2830.48,0
19,11,3,15375,948.43,0
19,11,4,15375,2252.53,0
19,11,5,15375,1511.57,0
19,11,6,15375,941.02,0
19,12,3,15375,2082.11,0
19,12,4,15375,748.37,0
19,12,5,15375,1037.35,0
19,12,6,15375,1007.71,0
19,12,7,15375,1059.58,0
19,12,8,15375,526.08,0
19,12,9,15375,592.77,0
19,13,4,15375,2993.49,0
19,13,5,15375,1689.4,0
19,13,6,15375,2400.72,0
19,13,7,15375,1607.89,0
19,13,8,15375,1711.63,0
19,13,9,15375,1133.67,0
19,13,10,15375,1296.69,0
19,13,11,15375,703.92,0
19,14,4,15375,4712.53,0
19,14,5,15375,4067.89,0
19,14,6,15375,9254.64,0
19,14,7,15375,5231.2,0
19,14,8,15375,5142.29,0
19,14,9,15375,1689.4,0
19,14,10,15375,1778.31,0
19,14,11,15375,3749.28,0
19,15,5,15375,10017.83,0
19,15,6,15375,13055.78,0
19,15,7,15375,8869.34,0
19,15,8,15375,10336.45,0
19,15,9,15375,10899.58,0
19,15,10,15375,3978.98,0
19,15,11,15375,2282.17,0
19,16,4,15375,4712.53,0
19,16,5,15375,2571.14,0
19,16,6,15375,5675.78,0
19,16,7,15375,12485.24,0
19,16,8,15375,9439.88,0
19,16,9,15375,9254.64,0
19,16,10,15375,2319.22,0
19,16,11,15375,8461.81,0
19,17,4,15375,3845.6,0
19,17,5,15375,2200.66,0
19,17,6,15375,4927.41,0
19,17,7,15375,2630.42,0
19,17,8,15375,3238.01,0
19,17,9,15375,8254.34,0
19,17,10,15375,5920.3,0
19,18,3,15375,2341.45,0
19,18,4,15375,3675.18,0
19,18,5,15375,1919.1,0
19,18,6,15375,1570.84,0
19,18,7,15375,3452.89,0
19,18,8,15375,1889.46,0
19,18,9,15375,2889.76,0
19,18,10,15375,1719.04,0
19,18,11,15375,2637.83,0
19,19,4,15375,822.47,0
19,19,5,15375,2385.9,0
19,19,6,15375,2786.02,0
19,19,7,15375,2163.61,0
19,19,8,15375,1452.29,0
19,19,9,15375,466.81,0
19,19,10,15375,881.75,0
19,19,11,15375,1430.06,0
19,20,6,15375,2771.2,0
19,20,7,15375,2015.42,0
19,20,8,15375,1667.17,0
19,20,9,15375,3015.72,0
19,20,10,15375,3986.39,0
19,20,11,15375,1111.45,0
20,11,3,15375,1207.77,0
20,11,4,15375,1926.51,0
20,12,3,15375,1956.14,0
20,12,4,15375,815.06,0
20,12,5,15375,1659.76,0
20,12,6,15375,718.73,0
20,12,7,15375,1178.13,0
20,12,8,15375,451.99,0
20,12,9,15375,466.81,0
20,13,4,15375,1815.36,0
20,13,5,15375,2037.65,0
20,13,6,15375,3586.27,0
20,13,7,15375,1719.04,0
20,13,8,15375,2015.42,0
20,13,9,15375,1126.27,0
20,13,10,15375,1415.24,0
20,13,11,15375,711.33,0
20,14,4,15375,4534.7,0
20,14,5,15375,4942.23,0
20,14,6,15375,7698.61,0
20,14,7,15375,5401.63,0
20,14,8,15375,5001.51,0
20,14,9,15375,1882.05,0
20,14,10,15375,1585.66,0
20,14,11,15375,3482.53,0
20,15,5,15375,8432.17,0
20,15,6,15375,8535.9,0
20,15,7,15375,6853.92,0
20,15,8,15375,11151.51,0
20,15,9,15375,12915.0,0
20,15,10,15375,4764.4,0
20,15,11,15375,1926.51,0
20,16,4,15375,3134.28,0
20,16,5,15375,2200.66,0
20,16,6,15375,7187.35,0
20,16,7,15375,12966.87,0
20,16,8,15375,13663.37,0
20,16,9,15375,8232.11,0
20,16,10,15375,2674.88,0
20,16,11,15375,5549.82,0
20,17,4,15375,4260.54,0
20,17,5,15375,1526.39,0
20,17,6,15375,3786.33,0
20,17,7,15375,4638.43,0
20,17,8,15375,2171.02,0
20,17,9,15375,8587.77,0
20,17,10,15375,8091.33,0
20,18,3,15375,2637.83,0
20,18,4,15375,3897.47,0
20,18,5,15375,1815.36,0
20,18,6,15375,2148.8,0
20,18,7,15375,4053.07,0
20,18,8,15375,1311.51,0
20,18,9,15375,2089.52,0
20,18,10,15375,2089.52,0
20,18,11,15375,2460.0,0
20,19,4,15375,807.65,0
20,19,5,15375,1800.54,0
20,19,6,15375,2045.06,0
20,19,7,15375,2786.02,0
20,19,8,15375,1652.35,0
20,19,9,15375,733.55,0
20,19,10,15375,1163.31,0
20,19,11,15375,785.42,0
20,20,6,15375,2600.78,0
20,20,7,15375,1504.16,0
20,20,8,15375,2452.59,0
20,20,9,15375,2178.43,0
20,20,10,15375,4675.48,0
20,20,11,15375,1607.89,0
21,12,3,15375,1978.37,0
21,12,4,15375,600.18,0
21,12,5,15375,1585.66,0
21,12,6,15375,481.63,0
21,12,7,15375,778.01,0
21,13,4,15375,1267.05,0
21,13,5,15375,1882.05,0
21,13,6,15375,3186.14,0
21,13,7,15375,1089.22,0
21,13,8,15375,2237.71,0
21,13,9,15375,748.37,0
21,13,10,15375,1348.55,0
21,13,11,15375,518.67,0
21,14,4,15375,3112.05,0
21,14,5,15375,4675.48,0
21,14,6,15375,4045.66,0
21,14,7,15375,4408.73,0
21,14,8,15375,3097.23,0
21,14,9,15375,1867.23,0
21,14,10,15375,1733.86,0
21,14,11,15375,3060.18,0
21,15,5,15375,6957.65,0
21,15,6,15375,7920.9,0
21,15,7,15375,2897.17,0
21,15,8,15375,10440.18,0
21,15,9,15375,6631.63,0
21,15,10,15375,4838.49,0
21,15,11,15375,1422.65,0
21,16,4,15375,3223.19,0
21,16,5,15375,1867.23,0
21,16,6,15375,7965.36,0
21,16,7,15375,8869.34,0
21,16,8,15375,9980.78,0
21,16,9,15375,7402.23,0
21,16,10,15375,2563.73,0
21,16,11,15375,3638.13,0
21,17,4,15375,6335.24,0
21,17,5,15375,2059.88,0
21,17,6,15375,3119.46,0
21,17,7,15375,3652.95,0
21,17,8,15375,1689.4,0
21,17,9,15375,6468.61,0
21,17,10,15375,9121.27,0
21,18,3,15375,1978.37,0
21,18,4,15375,2556.33,0
21,18,5,15375,1941.33,0
21,18,6,15375,1800.54,0
21,18,7,15375,3882.65,0
21,18,8,15375,1170.72,0
21,18,9,15375,1756.08,0
21,18,10,15375,2460.0,0
21,18,11,15375,2267.35,0
21,19,5,15375,1185.54,0
21,19,6,15375,1148.49,0
21,19,7,15375,2104.34,0
21,19,8,15375,1919.1,0
21,19,9,15375,800.24,0
21,19,10,15375,1304.1,0
21,19,11,15375,785.42,0
21,20,7,15375,1533.8,0
21,20,8,15375,2719.34,0
21,20,9,15375,1385.6,0
21,20,10,15375,3171.33,0
21,20,11,15375,2356.27,0
22,12,3,15375,2171.02,0
22,12,4,15375,526.08,0
22,13,4,15375,1274.46,0
22,13,5,15375,1652.35,0
22,13,6,15375,2548.92,0
22,13,7,15375,629.82,0
22,13,8,15375,1289.28,0
22,13,9,15375,629.82,0
22,14,4,15375,2222.89,0
22,14,5,15375,3126.87,0
22,14,6,15375,1993.19,0
22,14,7,15375,3919.7,0
22,14,8,15375,2222.89,0
22,14,9,15375,1726.45,0
22,14,10,15375,1770.9,0
22,15,5,15375,5594.28,0
22,15,6,15375,5512.77,0
22,15,7,15375,3126.87,0
22,15,8,15375,8069.1,0
22,15,9,15375,3156.51,0
22,15,10,15375,2971.27,0
22,16,4,15375,3934.52,0
22,16,5,15375,3215.78,0
22,16,6,15375,8446.99,0
22,16,7,15375,9928.92,0
22,16,8,15375,6194.46,0
22,16,9,15375,4623.61,0
22,16,10,15375,2119.16,0
22,17,4,15375,6209.28,0
22,17,5,15375,2008.01,0
22,17,6,15375,2304.4,0
22,17,7,15375,2689.7,0
22,17,8,15375,1674.58,0
22,17,9,15375,5623.92,0
22,17,10,15375,8802.65,0
22,18,3,15375,1652.35,0
22,18,4,15375,2215.48,0
22,18,5,15375,1756.08,0
22,18,6,15375,1785.72,0
22,18,7,15375,3186.14,0
22,18,8,15375,1911.69,0
22,18,9,15375,1311.51,0
22,18,10,15375,2911.99,0
22,19,5,15375,637.23,0
22,19,6,15375,748.37,0
22,19,7,15375,1622.71,0
22,19,8,15375,2163.61,0
22,19,9,15375,829.88,0
22,19,10,15375,1318.92,0
22,20,7,15375,1518.98,0
22,20,8,15375,1622.71,0
22,20,9,15375,1230.0,0
22,20,10,15375,1800.54,0
23,13,4,15375,941.02,0
23,13,5,15375,1348.55,0
23,13,6,15375,1785.72,0
23,13,7,15375,526.08,0
23,14,4,15375,2482.23,0
23,14,5,15375,5698.01,0
23,14,6,15375,1341.14,0
23,14,7,15375,2734.16,0
23,14,8,15375,2415.54,0
23,14,9,15375,1593.07,0
23,14,10,15375,1607.89,0
23,14,11,15375,800.24,0
23,15,5,15375,3882.65,0
23,15,6,15375,3526.99,0
23,15,7,15375,3304.7,0
23,15,8,15375,6550.12,0
23,15,9,15375,3586.27,0
23,15,10,15375,1904.28,0
23,15,11,15375,1311.51,0
23,16,4,15375,3489.94,0
23,16,5,15375,6305.6,0
23,16,6,15375,8906.39,0
23,16,7,15375,8328.43,0
23,16,8,15375,5164.52,0
23,16,9,15375,4549.52,0
23,16,10,15375,3467.71,0
23,16,11,15375,2008.01,0
23,17,4,15375,4660.66,0
23,17,5,15375,3741.87,0
23,17,6,15375,3104.64,0
23,17,7,15375,2008.01,0
23,17,8,15375,2371.08,0
23,17,9,15375,4912.59,0
23,17,10,15375,4949.64,0
23,18,4,15375,2304.4,0
23,18,5,15375,1889.46,0
23,18,6,15375,1941.33,0
23,18,7,15375,2059.88,0
23,18,8,15375,4082.71,0
23,18,9,15375,1015.12,0
23,18,10,15375,2104.34,0
23,18,11,15375,4920.0,0
23,19,6,15375,659.46,0
23,19,7,15375,918.8,0
23,19,8,15375,1941.33,0
23,19,9,15375,659.46,0
23,19,10,15375,1148.49,0
23,19,11,15375,733.55,0
23,20,8,15375,1489.34,0
23,20,9,15375,837.29,0
23,20,10,15375,1148.49,0
23,20,11,15375,1933.92,0
24,13,4,15375,1637.53,0
24,13,5,15375,1518.98,0
24,13,6,15375,1778.31,0
24,13,7,15375,392.71,0
24,14,4,15375,2334.04,0
24,14,5,15375,4097.53,0
24,14,6,15375,1518.98,0
24,14,7,15375,2059.88,0
24,14,8,15375,1681.99,0
24,14,9,15375,1570.84,0
24,14,10,15375,970.66,0
24,14,11,15375,370.48,0
24,15,5,15375,3356.57,0
24,15,6,15375,3008.31,0
24,15,7,15375,3949.34,0
24,15,8,15375,3497.35,0
24,15,9,15375,2645.24,0
24,15,10,15375,2445.18,0
24,15,11,15375,1096.63,0
24,16,4,15375,4327.23,0
24,16,5,15375,5460.9,0
24,16,6,15375,6676.08,0
24,16,7,15375,7602.29,0
24,16,8,15375,6416.75,0
24,16,9,15375,4593.98,0
24,16,10,15375,3652.95,0
24,16,11,15375,2393.31,0
24,17,4,15375,5120.06,0
24,17,5,15375,7417.05,0
24,17,6,15375,4430.96,0
24,17,7,15375,2778.61,0
24,17,8,15375,4460.6,0
24,17,9,15375,5409.04,0
24,17,10,15375,3793.73,0
24,18,3,15375,1252.23,0
24,18,4,15375,3645.54,0
24,18,5,15375,2015.42,0
24,18,6,15375,2482.23,0
24,18,7,15375,1289.28,0
24,18,8,15375,4534.7,0
24,18,9,15375,1941.33,0
24,18,10,15375,3512.17,0
24,18,11,15375,5668.37,0
24,19,5,15375,615.0,0
24,19,6,15375,1015.12,0
24,19,7,15375,577.95,0
24,19,8,15375,1622.71,0
24,19,9,15375,755.78,0
24,19,10,15375,1385.6,0
24,19,11,15375,1333.73,0
24,20,7,15375,1815.36,0
24,20,8,15375,1200.36,0
24,20,9,15375,1104.04,0
24,20,10,15375,511.27,0
24,20,11,15375,1481.93,0
25,13,4,15375,1141.08,0
25,13,5,15375,1867.23,0
25,13,6,15375,1859.82,0
25,14,4,15375,2978.67,0
25,14,5,15375,2800.84,0
25,14,6,15375,2000.6,0
25,14,7,15375,2652.65,0
25,14,8,15375,1200.36,0
25,14,9,15375,1407.83,0
25,14,10,15375,844.7,0
25,14,11,15375,266.75,0
25,15,5,15375,3112.05,0
25,15,6,15375,4727.35,0
25,15,7,15375,3408.43,0
25,15,8,15375,2371.08,0
25,15,9,15375,2786.02,0
25,15,10,15375,4016.02,0
25,15,11,15375,1659.76,0
25,16,4,15375,7572.65,0
25,16,5,15375,3045.36,0
25,16,6,15375,5757.29,0
25,16,7,15375,9024.94,0
25,16,8,15375,7254.04,0
25,16,9,15375,5542.41,0
25,16,10,15375,3801.14,0
25,16,11,15375,2030.24,0
25,17,4,15375,5898.07,0
25,17,5,15375,6564.94,0
25,17,6,15375,6305.6,0
25,17,7,15375,7920.9,0
25,17,8,15375,4949.64,0
25,17,9,15375,3734.46,0
25,17,10,15375,4319.82,0
25,18,3,15375,1244.82,0
25,18,4,15375,4831.08,0
25,18,5,15375,3097.23,0
25,18,6,15375,2400.72,0
25,18,7,15375,1348.55,0
25,18,8,15375,4690.3,0
25,18,9,15375,4193.86,0
25,18,10,15375,4290.18,0
25,18,11,15375,5512.77,0
25,19,4,15375,963.25,0
25,19,5,15375,652.05,0
25,19,6,15375,696.51,0
25,19,7,15375,496.45,0
25,19,8,15375,2608.19,0
25,19,9,15375,644.64,0
25,19,10,15375,2504.46,0
25,19,11,15375,2563.73,0
25,20,6,15375,903.98,0
25,20,7,15375,3267.65,0
25,20,8,15375,2067.29,0
25,20,9,15375,911.39,0
25,20,10,15375,303.8,0
25,20,11,15375,1200.36,0
26,13,4,15375,1385.6,0
26,13,5,15375,3163.92,0
26,13,6,15375,970.66,0
26,13,7,15375,496.45,0
26,14,4,15375,3890.06,0
26,14,5,15375,2237.71,0
26,14,6,15375,2734.16,0
26,14,7,15375,3134.28,0
26,14,8,15375,1192.95,0
26,14,9,15375,2637.83,0
26,14,10,15375,718.73,0
26,14,11,15375,192.65,0
26,15,5,15375,3823.37,0
26,15,6,15375,4608.8,0
26,15,7,15375,2356.27,0
26,15,8,15375,1704.22,0
26,15,9,15375,2445.18,0
26,15,10,15375,4267.95,0
26,15,11,15375,2726.75,0
26,16,4,15375,8328.43,0
26,16,5,15375,2563.73,0
26,16,6,15375,4868.13,0
26,16,7,15375,7617.11,0
26,16,8,15375,5349.76,0
26,16,9,15375,5134.88,0
26,16,10,15375,2978.67,0
26,16,11,15375,1452.29,0
26,17,4,15375,5542.41,0
26,17,5,15375,6187.05,0
26,17,6,15375,7187.35,0
26,17,7,15375,12292.59,0
26,17,8,15375,4882.95,0
26,17,9,15375,3334.34,0
26,17,10,15375,3163.92,0
26,18,3,15375,1311.51,0
26,18,4,15375,3919.7,0
26,18,5,15375,2163.61,0
26,18,6,15375,1815.36,0
26,18,7,15375,1533.8,0
26,18,8,15375,3645.54,0
26,18,9,15375,4823.67,0
26,18,10,15375,5060.78,0
26,18,11,15375,5594.28,0
26,19,3,15375,1437.47,0
26,19,4,15375,859.52,0
26,19,5,15375,1333.73,0
26,19,6,15375,1192.95,0
26,19,7,15375,903.98,0
26,19,8,15375,2778.61,0
26,19,9,15375,837.29,0
26,19,10,15375,3186.14,0
26,19,11,15375,2823.07,0
26,20,4,15375,1533.8,0
26,20,5,15375,1207.77,0
26,20,6,15375,1667.17,0
26,20,7,15375,2963.86,0
26,20,8,15375,2911.99,0
26,20,9,15375,1711.63,0
26,20,10,15375,318.61,0
26,20,11,15375,1882.05,0
27,13,4,15375,2548.92,0
27,13,5,15375,3408.43,0
27,13,6,15375,1170.72,0
27,13,7,15375,926.2,0
27,13,8,15375,348.25,0
27,14,4,15375,3334.34,0
27,14,5,15375,1593.07,0
27,14,6,15375,3801.14,0
27,14,7,15375,3652.95,0
27,14,8,15375,1481.93,0
27,14,9,15375,1985.78,0
27,14,10,15375,3156.51,0
27,14,11,15375,296.39,0
27,15,5,15375,3756.69,0
27,15,6,15375,4660.66,0
27,15,7,15375,1489.34,0
27,15,8,15375,1770.9,0
27,15,9,15375,1837.59,0
27,15,10,15375,2719.34,0
27,15,11,15375,3601.08,0
27,16,4,15375,8424.76,0
27,16,5,15375,2578.55,0
27,16,6,15375,5772.11,0
27,16,7,15375,5201.57,0
27,16,8,15375,3697.41,0
27,16,9,15375,4927.41,0
27,16,10,15375,2215.48,0
27,16,11,15375,881.75,0
27,17,4,15375,3489.94,0
27,17,5,15375,5334.94,0
27,17,6,15375,7869.04,0
27,17,7,15375,13026.14,0
27,17,8,15375,4616.2,0
27,17,9,15375,3526.99,0
27,17,10,15375,4571.75,0
27,18,3,15375,1400.42,0
27,18,4,15375,4030.84,0
27,18,5,15375,1393.01,0
27,18,6,15375,2163.61,0
27,18,7,15375,2267.35,0
27,18,8,15375,3134.28,0
27,18,9,15375,3978.98,0
27,18,10,15375,4808.86,0
27,18,11,15375,5031.14,0
27,19,3,15375,1333.73,0
27,19,4,15375,1059.58,0
27,19,5,15375,3186.14,0
27,19,6,15375,2578.55,0
27,19,7,15375,1422.65,0
27,19,8,15375,1081.81,0
27,19,9,15375,1615.3,0
27,19,10,15375,3838.19,0
27,19,11,15375,2371.08,0
27,20,3,15375,5601.69,0
27,20,4,15375,1933.92,0
27,20,5,15375,2193.25,0
27,20,6,15375,2778.61,0
27,20,7,15375,2830.48,0
27,20,8,15375,5320.12,0
27,20,9,15375,2852.71,0
27,20,10,15375,659.46,0
27,20,11,15375,837.29,0
27,21,5,15375,2467.41,0
28,12,3,15375,1059.58,0
28,13,4,15375,2126.57,0
28,13,5,15375,3334.34,0
28,13,6,15375,1807.95,0
28,13,7,15375,1341.14,0
28,13,8,15375,918.8,0
28,13,9,15375,1348.55,0
28,14,4,15375,2296.99,0
28,14,5,15375,1563.43,0
28,14,6,15375,2541.51,0
28,14,7,15375,2067.29,0
28,14,8,15375,1985.78,0
28,14,9,15375,1963.55,0
28,14,10,15375,3163.92,0
28,15,5,15375,3312.11,0
28,15,6,15375,4275.36,0
28,15,7,15375,681.69,0
28,15,8,15375,1141.08,0
28,15,9,15375,1622.71,0
28,15,10,15375,1956.14,0
28,16,4,15375,6935.42,0
28,16,5,15375,2971.27,0
28,16,6,15375,5038.55,0
28,16,7,15375,3104.64,0
28,16,8,15375,4097.53,0
28,16,9,15375,7906.08,0
28,16,10,15375,1215.18,0
28,17,4,15375,4008.61,0
28,17,5,15375,5883.25,0
28,17,6,15375,6379.7,0
28,17,7,15375,9439.88,0
28,17,8,15375,4423.55,0
28,17,9,15375,6335.24,0
28,17,10,15375,5023.73,0
28,18,3,15375,1941.33,0
28,18,4,15375,3000.9,0
28,18,5,15375,881.75,0
28,18,6,15375,1578.25,0
28,18,7,15375,2956.45,0
28,18,8,15375,2296.99,0
28,18,9,15375,3556.63,0
28,18,10,15375,6061.08,0
28,19,3,15375,2704.52,0
28,19,4,15375,2548.92,0
28,19,5,15375,5690.6,0
28,19,6,15375,3912.29,0
28,19,7,15375,2089.52,0
28,19,8,15375,896.57,0
28,19,9,15375,1541.2,0
28,19,10,15375,4986.69,0
28,20,3,15375,5208.98,0
28,20,4,15375,2682.29,0
28,20,5,15375,4238.31,0
28,20,6,15375,2385.9,0
28,20,7,15375,1615.3,0
28,20,8,15375,7002.11,0
28,20,9,15375,4393.92,0
28,20,10,15375,1681.99,0
28,21,4,15375,3408.43,0
28,21,5,15375,2889.76,0
29,12,3,15375,1274.46,0
29,13,4,15375,2934.22,0
29,13,5,15375,2385.9,0
29,13,6,15375,2711.93,0
29,13,7,15375,2045.06,0
29,13,8,15375,1111.45,0
29,13,9,15375,918.8,0
29,14,4,15375,1933.92,0
29,14,5,15375,1348.55,0
29,14,6,15375,1444.88,0
29,14,7,15375,1822.77,0
29,14,8,15375,2526.69,0
29,14,9,15375,1956.14,0
29,14,10,15375,2786.02,0
29,15,5,15375,5527.59,0
29,15,6,15375,6564.94,0
29,15,7,15375,837.29,0
29,15,8,15375,918.8,0
29,15,9,15375,1104.04,0
29,15,10,15375,1081.81,0
29,16,4,15375,4682.89,0
29,16,5,15375,4875.54,0
29,16,6,15375,4393.92,0
29,16,7,15375,3112.05,0
29,16,8,15375,6713.13,0
29,16,9,15375,4645.84,0
29,16,10,15375,1185.54,0
29,17,4,15375,4593.98,0
29,17,5,15375,5675.78,0
29,17,6,15375,6905.78,0
29,17,7,15375,7098.43,0
29,17,8,15375,5720.24,0
29,17,9,15375,7128.07,0
29,17,10,15375,4408.73,0
29,18,3,15375,1333.73,0
29,18,4,15375,2926.81,0
29,18,5,15375,800.24,0
29,18,6,15375,1393.01,0
29,18,7,15375,5631.33,0
29,18,8,15375,2430.36,0
29,18,9,15375,3178.73,0
29,18,10,15375,8417.35,0
29,19,3,15375,5097.83,0
29,19,4,15375,3838.19,0
29,19,5,15375,5068.19,0
29,19,6,15375,1919.1,0
29,19,7,15375,2178.43,0
29,19,8,15375,903.98,0
29,19,9,15375,1348.55,0
29,19,10,15375,4571.75,0
29,20,3,15375,3867.83,0
29,20,4,15375,1985.78,0
29,20,5,15375,5912.89,0
29,20,6,15375,1652.35,0
29,20,7,15375,1830.18,0
29,20,8,15375,5401.63,0
29,20,9,15375,3037.95,0
29,20,10,15375,1585.66,0
29,21,4,15375,4542.11,0
29,21,5,15375,1867.23,0
30,13,4,15375,3312.11,0
30,13,5,15375,1911.69,0
30,13,7,15375,1378.19,0
30,13,8,15375,1481.93,0
30,14,4,15375,2037.65,0
30,14,5,15375,1244.82,0
30,14,7,15375,1830.18,0
30,14,8,15375,3000.9,0
30,16,4,15375,6001.81,0
30,16,5,15375,5549.82,0
30,16,7,15375,3727.05,0
30,16,8,15375,9617.71,0
30,17,4,15375,3578.86,0
30,17,5,15375,5801.75,0
30,17,7,15375,6438.98,0
30,17,8,15375,9291.69,0
30,18,4,15375,2719.34,0
30,18,5,15375,1378.19,0
30,18,7,15375,5105.24,0
30,18,8,15375,2600.78,0
30,19,4,15375,4631.02,0
30,19,5,15375,3808.55,0
30,19,7,15375,1748.67,0
30,19,8,15375,1541.2,0
30,20,4,15375,2734.16,0
30,20,5,15375,4690.3,0
30,20,7,15375,3660.36,0
30,20,8,15375,2460.0,0
