6,12,4,15375,1376.87,0
6,12,5,15375,1179.26,0
6,12,6,15375,2256.53,0
6,12,7,15375,975.28,0
6,13,4,15375,3193.56,0
6,13,5,15375,2122.67,0
6,13,6,15375,4098.73,0
6,13,7,15375,3301.93,0
6,15,5,15375,9708.18,0
6,15,6,15375,5634.95,0
6,15,7,15375,8235.7,0
6,16,4,15375,4430.19,0
6,16,5,15375,2428.64,0
6,16,6,15375,5105.88,0
6,16,7,15375,3499.53,0
6,17,4,15375,3945.74,0
6,17,5,15375,7458.02,0
6,17,6,15375,4825.4,0
6,17,7,15375,8949.63,0
7,10,5,15375,713.93,0
7,10,6,15375,835.04,0
7,10,7,15375,650.19,0
7,10,9,15375,439.83,0
7,11,3,15375,1976.06,0
7,11,4,15375,1338.62,0
7,11,5,15375,892.41,0
7,11,6,15375,720.3,0
7,11,7,15375,1523.48,0
7,11,8,15375,567.32,0
7,11,9,15375,509.95,0
7,12,3,15375,981.65,0
7,12,4,15375,1236.63,0
7,12,5,15375,1880.44,0
7,12,6,15375,3117.07,0
7,12,7,15375,924.28,0
7,12,8,15375,1204.76,0
7,12,9,15375,1032.65,0
7,13,4,15375,2020.68,0
7,13,5,15375,1829.45,0
7,13,6,15375,3429.42,0
7,13,7,15375,2517.88,0
7,13,8,15375,1357.74,0
7,13,9,15375,2071.67,0
7,14,4,15375,2779.23,0
7,14,5,15375,5845.3,0
7,14,6,15375,2211.91,0
7,14,7,15375,1823.07,0
7,14,8,15375,3442.16,0
7,14,9,15375,2543.38,0
7,15,5,15375,5105.88,0
7,15,6,15375,5233.36,0
7,15,7,15375,5105.88,0
7,15,8,15375,2881.22,0
7,15,9,15375,3556.9,0
7,16,4,15375,4525.81,0
7,16,5,15375,2033.43,0
7,16,6,15375,5125.0,0
7,16,7,15375,7145.68,0
7,16,8,15375,4755.29,0
7,16,9,15375,3907.49,0
7,17,4,15375,3499.53,0
7,17,5,15375,7432.52,0
7,17,6,15375,5048.51,0
7,17,7,15375,7011.82,0
7,17,8,15375,1077.27,0
7,17,9,15375,2893.97,0
7,18,3,15375,1338.62,0
7,18,4,15375,1969.68,0
7,18,5,15375,854.17,0
7,18,6,15375,4666.04,0
7,18,7,15375,3352.92,0
7,18,8,15375,5832.56,0
7,18,9,15375,5838.93,0
8,10,5,15375,720.3,0
8,10,6,15375,599.19,0
8,10,7,15375,1179.26,0
8,10,9,15375,388.84,0
8,11,3,15375,1995.18,0
8,11,4,15375,1255.75,0
8,11,5,15375,822.29,0
8,11,6,15375,733.05,0
8,11,7,15375,1816.7,0
8,11,8,15375,471.7,0
8,11,9,15375,478.08,0
8,11,10,15375,688.43,0
8,12,3,15375,1848.57,0
8,12,4,15375,1587.22,0
8,12,5,15375,2702.74,0
8,12,6,15375,2549.75,0
8,12,7,15375,949.78,0
8,12,8,15375,1096.39,0
8,12,9,15375,1172.89,0
8,12,10,15375,1096.39,0
8,13,4,15375,1568.1,0
8,13,5,15375,1370.49,0
8,13,6,15375,3308.3,0
8,13,7,15375,2167.29,0
8,13,8,15375,1810.32,0
8,13,9,15375,2237.41,0
8,13,10,15375,886.04,0
8,14,4,15375,2065.3,0
8,14,5,15375,5813.43,0
8,14,6,15375,2275.65,0
8,14,7,15375,1619.09,0
8,14,8,15375,2052.55,0
8,14,9,15375,2129.04,0
8,14,10,15375,2052.55,0
8,15,5,15375,2167.29,0
8,15,6,15375,3601.52,0
8,15,7,15375,4748.91,0
8,15,8,15375,1784.83,0
8,15,9,15375,3525.03,0
8,15,10,15375,1976.06,0
8,16,4,15375,6642.1,0
8,16,5,15375,2645.37,0
8,16,6,15375,5673.2,0
8,16,7,15375,6342.51,0
8,16,8,15375,4404.7,0
8,16,9,15375,4181.59,0
8,16,10,15375,2052.55,0
8,17,4,15375,5010.26,0
8,17,5,15375,4226.21,0
8,17,6,15375,7132.93,0
8,17,7,15375,7196.67,0
8,17,8,15375,1090.02,0
8,17,9,15375,3754.51,0
8,17,10,15375,3913.87,0
8,18,3,15375,1995.18,0
8,18,4,15375,1070.9,0
8,18,5,15375,739.43,0
8,18,6,15375,5105.88,0
8,18,7,15375,3410.29,0
8,18,8,15375,3295.55,0
8,18,9,15375,4124.22,0
8,18,10,15375,7515.39,0
8,19,3,15375,2135.42,0
8,19,4,15375,2199.16,0
8,19,5,15375,2658.12,0
8,19,6,15375,4085.98,0
8,19,7,15375,2352.15,0
8,19,8,15375,1134.64,0
8,19,9,15375,3340.17,0
8,19,10,15375,2192.79,0
9,10,5,15375,433.46,0
9,10,6,15375,1013.53,0
9,11,4,15375,1090.02,0
9,11,5,15375,1051.77,0
9,11,6,15375,662.94,0
9,11,7,15375,1765.7,0
9,11,8,15375,548.2,0
9,11,9,15375,688.43,0
9,11,10,15375,650.19,0
9,11,11,15375,203.98,0
9,12,4,15375,1593.59,0
9,12,5,15375,3270.06,0
9,12,6,15375,1670.09,0
9,12,7,15375,937.03,0
9,12,8,15375,1032.65,0
9,12,9,15375,771.3,0
9,12,10,15375,822.29,0
9,13,4,15375,2772.85,0
9,13,5,15375,2027.05,0
9,13,6,15375,2435.01,0
9,13,7,15375,1612.72,0
9,13,8,15375,2205.53,0
9,13,9,15375,2313.9,0
9,13,10,15375,1912.31,0
9,13,11,15375,1402.36,0
9,14,4,15375,2001.55,0
9,14,5,15375,4296.33,0
9,14,6,15375,2600.75,0
9,14,7,15375,2651.74,0
9,14,8,15375,2122.67,0
9,14,9,15375,2275.65,0
9,14,10,15375,2250.16,0
9,14,11,15375,3129.82,0
9,15,5,15375,2186.41,0
9,15,6,15375,1931.44,0
9,15,7,15375,3983.99,0
9,15,8,15375,1083.64,0
9,15,9,15375,2651.74,0
9,15,10,15375,1969.68,0
9,15,11,15375,1918.69,0
9,16,4,15375,6782.34,0
9,16,5,15375,3276.43,0
9,16,6,15375,6291.51,0
9,16,7,15375,5526.59,0
9,16,8,15375,3748.13,0
9,16,9,15375,3658.89,0
9,16,10,15375,2033.43,0
9,16,11,15375,1313.12,0
9,17,4,15375,4748.91,0
9,17,5,15375,4774.41,0
9,17,6,15375,7075.56,0
9,17,7,15375,6011.04,0
9,17,8,15375,1039.02,0
9,17,9,15375,2785.6,0
9,17,10,15375,4085.98,0
9,18,4,15375,752.18,0
9,18,5,15375,937.03,0
9,18,6,15375,3454.91,0
9,18,7,15375,4251.71,0
9,18,8,15375,2377.64,0
9,18,9,15375,3716.26,0
9,18,10,15375,7305.04,0
9,18,11,15375,3678.02,0
9,19,4,15375,962.53,0
9,19,5,15375,2900.34,0
9,19,6,15375,3799.13,0
9,19,7,15375,2046.18,0
9,19,8,15375,1147.39,0
9,19,9,15375,3250.93,0
9,19,10,15375,1829.45,0
9,19,11,15375,4423.82,0
10,11,3,15375,1867.69,0
10,11,4,15375,892.41,0
10,11,5,15375,1128.26,0
10,11,6,15375,790.42,0
10,11,7,15375,1338.62,0
10,11,8,15375,720.3,0
10,11,9,15375,522.7,0
10,12,3,15375,3697.14,0
10,12,4,15375,815.92,0
10,12,5,15375,3601.52,0
10,12,6,15375,1529.85,0
10,12,7,15375,713.93,0
10,12,8,15375,1058.15,0
10,12,9,15375,637.44,0
10,12,10,15375,599.19,0
10,13,4,15375,3110.7,0
10,13,5,15375,2868.47,0
10,13,6,15375,1752.95,0
10,13,7,15375,1765.7,0
10,13,8,15375,4022.23,0
10,13,9,15375,3486.78,0
10,13,10,15375,956.16,0
10,13,11,15375,1332.25,0
10,14,4,15375,3021.46,0
10,14,5,15375,2537.0,0
10,14,6,15375,1625.47,0
10,14,7,15375,4532.18,0
10,14,8,15375,3448.54,0
10,14,9,15375,2626.24,0
10,14,10,15375,1899.56,0
10,14,11,15375,3811.88,0
10,15,5,15375,3429.42,0
10,15,6,15375,1032.65,0
10,15,7,15375,3862.87,0
10,15,8,15375,1141.01,0
10,15,9,15375,3614.27,0
10,15,10,15375,2250.16,0
10,15,11,15375,1746.58,0
10,16,4,15375,5864.43,0
10,16,5,15375,5335.35,0
10,16,6,15375,7598.26,0
10,16,7,15375,4404.7,0
10,16,8,15375,2728.23,0
10,16,9,15375,3002.33,0
10,16,10,15375,2677.24,0
10,16,11,15375,1249.38,0
10,17,4,15375,2868.47,0
10,17,5,15375,3964.86,0
10,17,6,15375,5150.5,0
10,17,7,15375,4283.58,0
10,17,8,15375,2288.4,0
10,17,9,15375,3971.24,0
10,17,10,15375,5182.37,0
10,18,3,15375,3097.95,0
10,18,4,15375,541.82,0
10,18,5,15375,745.8,0
10,18,6,15375,2122.67,0
10,18,7,15375,3231.81,0
10,18,8,15375,3104.32,0
10,18,9,15375,3646.14,0
10,18,10,15375,5131.37,0
10,18,11,15375,4385.57,0
10,19,3,15375,1395.99,0
10,19,4,15375,873.29,0
10,19,5,15375,2231.03,0
10,19,6,15375,3308.3,0
10,19,7,15375,1523.48,0
10,19,8,15375,1236.63,0
10,19,9,15375,3493.16,0
10,19,10,15375,2027.05,0
10,19,11,15375,3282.8,0
10,20,3,15375,2817.48,0
10,20,4,15375,3072.45,0
10,20,5,15375,4066.85,0
10,20,6,15375,1058.15,0
10,20,7,15375,1650.96,0
10,20,8,15375,2568.87,0
10,20,9,15375,1421.49,0
10,20,10,15375,656.56,0
10,20,11,15375,1019.9,0
11,11,3,15375,2039.8,0
11,11,4,15375,1026.27,0
11,11,5,15375,1070.9,0
11,11,6,15375,784.05,0
11,11,7,15375,860.54,0
11,11,8,15375,1121.89,0
11,12,3,15375,3391.17,0
11,12,4,15375,1147.39,0
11,12,5,15375,1701.96,0
11,12,6,15375,1281.25,0
11,12,7,15375,739.43,0
11,12,8,15375,752.18,0
11,12,9,15375,822.29,0
11,12,10,15375,427.08,0
11,13,4,15375,3850.12,0
11,13,5,15375,5297.11,0
11,13,6,15375,2486.01,0
11,13,7,15375,1956.93,0
11,13,8,15375,3811.88,0
11,13,9,15375,2957.71,0
11,13,10,15375,1192.01,0
11,13,11,15375,1172.89,0
11,14,4,15375,2033.43,0
11,14,5,15375,2709.11,0
11,14,6,15375,3512.28,0
11,14,7,15375,6489.12,0
11,14,8,15375,4876.4,0
11,14,9,15375,2537.0,0
11,14,10,15375,1816.7,0
11,14,11,15375,3760.88,0
11,15,5,15375,4576.8,0
11,15,6,15375,1440.61,0
11,15,7,15375,4430.19,0
11,15,8,15375,1523.48,0
11,15,9,15375,3945.74,0
11,15,10,15375,2517.88,0
11,15,11,15375,2084.42,0
11,16,4,15375,5654.07,0
11,16,5,15375,5571.21,0
11,16,6,15375,9007.0,0
11,16,7,15375,4156.09,0
11,16,8,15375,2689.99,0
11,16,9,15375,4787.16,0
11,16,10,15375,4704.29,0
11,16,11,15375,1478.86,0
11,17,4,15375,1383.24,0
11,17,5,15375,4627.8,0
11,17,6,15375,4034.98,0
11,17,7,15375,3072.45,0
11,17,8,15375,3939.37,0
11,17,9,15375,5443.72,0
11,17,10,15375,4226.21,0
11,18,3,15375,2141.79,0
11,18,4,15375,580.07,0
11,18,5,15375,605.57,0
11,18,6,15375,2135.42,0
11,18,7,15375,1370.49,0
11,18,8,15375,3678.02,0
11,18,9,15375,3314.68,0
11,18,10,15375,3646.14,0
11,18,11,15375,2881.22,0
11,19,3,15375,2052.55,0
11,19,4,15375,2020.68,0
11,19,5,15375,2109.92,0
11,19,6,15375,2632.62,0
11,19,7,15375,796.8,0
11,19,8,15375,943.41,0
11,19,9,15375,1867.69,0
11,19,10,15375,1682.84,0
11,19,11,15375,3250.93,0
11,20,3,15375,1427.86,0
11,20,4,15375,4009.48,0
11,20,5,15375,2766.48,0
11,20,6,15375,650.19,0
11,20,7,15375,1638.22,0
11,20,8,15375,2505.13,0
11,20,9,15375,1096.39,0
11,20,10,15375,790.42,0
11,20,11,15375,458.96,0
12,11,3,15375,1606.34,0
12,11,4,15375,949.78,0
12,11,5,15375,835.04,0
12,11,6,15375,866.92,0
12,11,7,15375,726.68,0
12,11,8,15375,790.42,0
12,12,3,15375,3537.78,0
12,12,4,15375,1956.93,0
12,12,5,15375,1784.83,0
12,12,6,15375,1160.14,0
12,12,7,15375,739.43,0
12,12,8,15375,879.66,0
12,12,9,15375,968.91,0
12,12,10,15375,325.09,0
12,13,4,15375,4455.69,0
12,13,5,15375,5775.19,0
12,13,6,15375,2696.36,0
12,13,7,15375,2345.77,0
12,13,8,15375,3097.95,0
12,13,9,15375,2970.46,0
12,13,10,15375,1306.75,0
12,13,11,15375,841.42,0
12,14,4,15375,1963.31,0
12,14,5,15375,1848.57,0
12,14,6,15375,5233.36,0
12,14,7,15375,3658.89,0
12,14,8,15375,4564.05,0
12,14,9,15375,3015.08,0
12,14,10,15375,1995.18,0
12,14,11,15375,3219.06,0
12,15,5,15375,3671.64,0
12,15,6,15375,2326.65,0
12,15,7,15375,4328.2,0
12,15,8,15375,2160.91,0
12,15,9,15375,3359.3,0
12,15,10,15375,1721.08,0
12,15,11,15375,2989.58,0
12,16,4,15375,5201.49,0
12,16,5,15375,5335.35,0
12,16,6,15375,8854.01,0
12,16,7,15375,3837.38,0
12,16,8,15375,2645.37,0
12,16,9,15375,4398.32,0
12,16,10,15375,3811.88,0
12,16,11,15375,3901.12,0
12,17,4,15375,1064.52,0
12,17,5,15375,4258.08,0
12,17,6,15375,3295.55,0
12,17,7,15375,3244.56,0
12,17,8,15375,5080.38,0
12,17,9,15375,8318.56,0
12,17,10,15375,3308.3,0
12,18,3,15375,1663.71,0
12,18,4,15375,822.29,0
12,18,5,15375,637.44,0
12,18,6,15375,1555.35,0
12,18,7,15375,854.17,0
12,18,8,15375,5226.99,0
12,18,9,15375,3588.77,0
12,18,10,15375,2065.3,0
12,18,11,15375,3729.01,0
12,19,3,15375,1019.9,0
12,19,4,15375,2275.65,0
12,19,5,15375,2141.79,0
12,19,6,15375,1593.59,0
12,19,7,15375,624.69,0
12,19,8,15375,599.19,0
12,19,9,15375,1153.76,0
12,19,10,15375,1708.33,0
12,19,11,15375,2205.53,0
12,20,4,15375,3008.71,0
12,20,5,15375,1912.31,0
12,20,6,15375,1568.1,0
12,20,7,15375,1842.2,0
12,20,8,15375,3282.8,0
12,20,9,15375,988.03,0
12,20,10,15375,930.66,0
12,20,11,15375,376.09,0
13,11,4,15375,1185.63,0
13,11,5,15375,1141.01,0
13,11,6,15375,752.18,0
13,11,7,15375,739.43,0
13,12,4,15375,2148.17,0
13,12,5,15375,2007.93,0
13,12,6,15375,790.42,0
13,12,7,15375,643.81,0
13,12,8,15375,599.19,0
13,12,9,15375,777.67,0
13,12,10,15375,395.21,0
13,13,4,15375,4685.17,0
13,13,5,15375,5430.97,0
13,13,6,15375,4003.11,0
13,13,7,15375,2747.36,0
13,13,8,15375,3104.32,0
13,13,9,15375,3212.69,0
13,13,10,15375,1160.14,0
13,14,4,15375,2218.28,0
13,14,5,15375,2243.78,0
13,14,6,15375,4838.15,0
13,14,7,15375,2721.86,0
13,14,8,15375,4850.9,0
13,14,9,15375,5226.99,0
13,14,10,15375,1670.09,0
13,15,5,15375,3148.94,0
13,15,6,15375,3760.88,0
13,15,7,15375,4653.3,0
13,15,8,15375,5743.31,0
13,15,9,15375,4105.1,0
13,15,10,15375,1657.34,0
13,16,4,15375,4921.02,0
13,16,5,15375,7904.23,0
13,16,6,15375,6661.23,0
13,16,7,15375,4321.83,0
13,16,8,15375,2581.62,0
13,16,9,15375,6042.91,0
13,16,10,15375,4965.64,0
13,17,4,15375,1262.13,0
13,17,5,15375,4009.48,0
13,17,6,15375,3952.11,0
13,17,7,15375,3066.08,0
13,17,8,15375,5991.92,0
13,17,9,15375,10657.96,0
13,17,10,15375,2836.6,0
13,18,4,15375,739.43,0
13,18,5,15375,790.42,0
13,18,6,15375,1434.24,0
13,18,7,15375,764.93,0
13,18,8,15375,4736.16,0
13,18,9,15375,2301.15,0
13,18,10,15375,1797.57,0
13,19,4,15375,1963.31,0
13,19,5,15375,1478.86,0
13,19,6,15375,1638.22,0
13,19,7,15375,656.56,0
13,19,8,15375,401.59,0
13,19,9,15375,694.81,0
13,19,10,15375,2881.22,0
13,20,5,15375,1230.25,0
13,20,6,15375,1689.21,0
13,20,7,15375,1746.58,0
13,20,8,15375,3499.53,0
13,20,9,15375,1670.09,0
13,20,10,15375,1204.76,0
14,11,5,15375,1325.87,0
14,11,6,15375,382.46,0
14,12,5,15375,3155.32,0
14,12,6,15375,643.81,0
14,12,7,15375,675.68,0
14,12,8,15375,631.06,0
14,12,9,15375,376.09,0
14,12,10,15375,235.85,0
14,13,5,15375,4270.83,0
14,13,6,15375,4289.96,0
14,13,7,15375,2734.61,0
14,13,8,15375,3276.43,0
14,13,9,15375,2473.26,0
14,13,10,15375,669.31,0
14,13,11,15375,624.69,0
14,14,5,15375,1982.43,0
14,14,6,15375,3486.78,0
14,14,7,15375,3652.52,0
14,14,8,15375,3748.13,0
14,14,9,15375,5201.49,0
14,14,10,15375,1778.45,0
14,14,11,15375,1644.59,0
14,15,5,15375,2638.99,0
14,15,6,15375,5577.58,0
14,15,7,15375,5118.63,0
14,15,8,15375,6030.16,0
14,15,9,15375,4028.61,0
14,15,10,15375,2269.28,0
14,15,11,15375,3932.99,0
14,16,5,15375,6023.79,0
14,16,6,15375,8758.4,0
14,16,7,15375,4175.22,0
14,16,8,15375,4481.19,0
14,16,9,15375,7687.5,0
14,16,10,15375,6533.74,0
14,16,11,15375,3780.01,0
14,17,5,15375,5615.83,0
14,17,6,15375,3901.12,0
14,17,7,15375,3983.99,0
14,17,8,15375,4296.33,0
14,17,9,15375,7783.12,0
14,17,10,15375,2313.9,0
14,18,5,15375,892.41,0
14,18,6,15375,1937.81,0
14,18,7,15375,924.28,0
14,18,8,15375,4098.73,0
14,18,9,15375,1874.07,0
14,18,10,15375,2173.66,0
14,18,11,15375,3244.56,0
14,19,5,15375,1427.86,0
14,19,6,15375,1899.56,0
14,19,7,15375,1733.83,0
14,19,8,15375,407.96,0
14,19,9,15375,471.7,0
14,19,10,15375,1803.95,0
14,19,11,15375,1689.21,0
14,20,6,15375,1893.19,0
14,20,7,15375,1733.83,0
14,20,8,15375,2830.22,0
14,20,9,15375,2556.13,0
14,20,10,15375,1765.7,0
14,20,11,15375,624.69,0
15,11,5,15375,1383.24,0
15,11,6,15375,242.23,0
15,12,5,15375,3429.42,0
15,12,6,15375,796.8,0
15,12,7,15375,688.43,0
15,12,8,15375,599.19,0
15,12,9,15375,178.48,0
15,12,10,15375,191.23,0
15,13,5,15375,3136.19,0
15,13,6,15375,4232.59,0
15,13,7,15375,2435.01,0
15,13,8,15375,3850.12,0
15,13,9,15375,1491.6,0
15,13,10,15375,962.53,0
15,13,11,15375,560.95,0
15,14,5,15375,2103.54,0
15,14,6,15375,3270.06,0
15,14,7,15375,3684.39,0
15,14,8,15375,2530.63,0
15,14,9,15375,4219.84,0
15,14,10,15375,2307.52,0
15,14,11,15375,2702.74,0
15,15,5,15375,2167.29,0
15,15,6,15375,7324.16,0
15,15,7,15375,5647.7,0
15,15,8,15375,4124.22,0
15,15,9,15375,3952.11,0
15,15,10,15375,2460.51,0
15,15,11,15375,3238.18,0
15,16,5,15375,4105.1,0
15,16,6,15375,8191.08,0
15,16,7,15375,2658.12,0
15,16,8,15375,4914.65,0
15,16,9,15375,8777.52,0
15,16,10,15375,6011.04,0
15,16,11,15375,6253.26,0
15,17,5,15375,6317.01,0
15,17,6,15375,3180.81,0
15,17,7,15375,4117.85,0
15,17,8,15375,3059.7,0
15,17,9,15375,5042.13,0
15,17,10,15375,4589.55,0
15,18,5,15375,949.78,0
15,18,6,15375,1268.5,0
15,18,7,15375,1306.75,0
15,18,8,15375,3735.39,0
15,18,9,15375,1727.46,0
15,18,10,15375,1854.94,0
15,18,11,15375,2167.29,0
15,19,5,15375,1746.58,0
15,19,6,15375,1778.45,0
15,19,7,15375,1784.83,0
15,19,8,15375,560.95,0
15,19,9,15375,305.97,0
15,19,10,15375,1147.39,0
15,19,11,15375,1007.15,0
15,20,7,15375,1102.77,0
15,20,8,15375,1842.2,0
15,20,9,15375,3493.16,0
15,20,10,15375,2696.36,0
15,20,11,15375,631.06,0
16,10,3,15375,280.47,0
16,11,3,15375,274.1,0
16,11,4,15375,624.69,0
16,11,5,15375,1007.15,0
16,11,6,15375,178.48,0
16,12,3,15375,1332.25,0
16,12,4,15375,1950.56,0
16,12,5,15375,4092.35,0
16,12,6,15375,758.55,0
16,12,7,15375,350.59,0
16,12,8,15375,592.82,0
16,12,9,15375,127.49,0
16,12,10,15375,191.23,0
16,13,4,15375,3646.14,0
16,13,5,15375,2116.29,0
16,13,6,15375,3595.15,0
16,13,7,15375,1676.46,0
16,13,8,15375,3862.87,0
16,13,9,15375,1733.83,0
16,13,10,15375,554.57,0
16,13,11,15375,624.69,0
16,14,4,15375,4621.42,0
16,14,5,15375,3199.94,0
16,14,6,15375,3117.07,0
16,14,7,15375,2951.34,0
16,14,8,15375,2396.77,0
16,14,9,15375,3282.8,0
16,14,10,15375,1325.87,0
16,14,11,15375,4105.1,0
16,15,5,15375,4187.97,0
16,15,6,15375,6342.51,0
16,15,7,15375,5800.68,0
16,15,8,15375,4168.84,0
16,15,9,15375,3786.38,0
16,15,10,15375,3110.7,0
16,15,11,15375,2377.64,0
16,16,4,15375,2989.58,0
16,16,5,15375,2849.35,0
16,16,6,15375,7719.37,0
16,16,7,15375,2269.28,0
16,16,8,15375,6635.73,0
16,16,9,15375,9752.8,0
16,16,10,15375,6151.27,0
16,16,11,15375,5430.97,0
16,17,4,15375,5277.99,0
16,17,5,15375,5309.86,0
16,17,6,15375,3461.29,0
16,17,7,15375,3008.71,0
16,17,8,15375,2224.66,0
16,17,9,15375,4047.73,0
16,17,10,15375,5016.64,0
16,18,3,15375,905.16,0
16,18,4,15375,917.91,0
16,18,5,15375,1064.52,0
16,18,6,15375,1619.09,0
16,18,7,15375,2046.18,0
16,18,8,15375,2874.84,0
16,18,9,15375,1650.96,0
16,18,10,15375,2001.55,0
16,18,11,15375,1587.22,0
16,19,5,15375,1555.35,0
16,19,6,15375,1351.37,0
16,19,7,15375,2007.93,0
16,19,8,15375,988.03,0
16,19,9,15375,305.97,0
16,19,10,15375,1287.62,0
16,19,11,15375,822.29,0
16,20,7,15375,1179.26,0
16,20,8,15375,1223.88,0
16,20,9,15375,3996.74,0
16,20,10,15375,2913.09,0
16,20,11,15375,1102.77,0
17,10,3,15375,286.85,0
17,11,3,15375,318.72,0
17,11,4,15375,854.17,0
17,11,5,15375,529.07,0
17,11,6,15375,191.23,0
17,12,3,15375,822.29,0
17,12,4,15375,1453.36,0
17,12,5,15375,2855.72,0
17,12,6,15375,490.83,0
17,12,7,15375,567.32,0
17,12,8,15375,541.82,0
17,12,9,15375,108.36,0
17,12,10,15375,197.61,0
17,13,4,15375,3289.18,0
17,13,5,15375,1491.6,0
17,13,6,15375,2562.5,0
17,13,7,15375,1415.11,0
17,13,8,15375,3907.49,0
17,13,9,15375,988.03,0
17,13,10,15375,937.03,0
17,13,11,15375,401.59,0
17,14,4,15375,3238.18,0
17,14,5,15375,4608.68,0
17,14,6,15375,3046.95,0
17,14,7,15375,2957.71,0
17,14,8,15375,1963.31,0
17,14,9,15375,2192.79,0
17,14,10,15375,1051.77,0
17,14,11,15375,2473.26,0
17,15,5,15375,4755.29,0
17,15,6,15375,5679.57,0
17,15,7,15375,6909.83,0
17,15,8,15375,5481.97,0
17,15,9,15375,4289.96,0
17,15,10,15375,3097.95,0
17,15,11,15375,3002.33,0
17,16,4,15375,2384.02,0
17,16,5,15375,1816.7,0
17,16,6,15375,12372.67,0
17,16,7,15375,2689.99,0
17,16,8,15375,9516.95,0
17,16,9,15375,7292.29,0
17,16,10,15375,6476.37,0
17,16,11,15375,3882.0,0
17,17,4,15375,4952.89,0
17,17,5,15375,3907.49,0
17,17,6,15375,3811.88,0
17,17,7,15375,2619.87,0
17,17,8,15375,2320.27,0
17,17,9,15375,5819.81,0
17,17,10,15375,3901.12,0
17,18,3,15375,1223.88,0
17,18,4,15375,1752.95,0
17,18,5,15375,968.91,0
17,18,6,15375,1778.45,0
17,18,7,15375,1638.22,0
17,18,8,15375,2027.05,0
17,18,9,15375,1204.76,0
17,18,10,15375,2160.91,0
17,18,11,15375,1568.1,0
18,10,3,15375,331.47,0
18,11,3,15375,280.47,0
18,11,4,15375,777.67,0
18,11,5,15375,401.59,0
18,11,6,15375,152.99,0
18,12,3,15375,656.56,0
18,12,4,15375,1026.27,0
18,12,5,15375,2957.71,0
18,12,6,15375,395.21,0
18,12,7,15375,1051.77,0
18,12,8,15375,637.44,0
18,12,9,15375,133.86,0
18,12,10,15375,293.22,0
18,13,4,15375,2466.88,0
18,13,5,15375,930.66,0
18,13,6,15375,3021.46,0
18,13,7,15375,1555.35,0
18,13,8,15375,3021.46,0
18,13,9,15375,968.91,0
18,13,10,15375,1593.59,0
18,13,11,15375,433.46,0
18,14,4,15375,2588.0,0
18,14,5,15375,5156.87,0
18,14,6,15375,2855.72,0
18,14,7,15375,3123.45,0
18,14,8,15375,2537.0,0
18,14,9,15375,1096.39,0
18,14,10,15375,484.45,0
18,14,11,15375,1854.94,0
18,15,5,15375,3085.2,0
18,15,6,15375,4997.51,0
18,15,7,15375,4506.69,0
18,15,8,15375,7343.28,0
18,15,9,15375,4251.71,0
18,15,10,15375,3174.44,0
18,15,11,15375,4270.83,0
18,16,4,15375,1255.75,0
18,16,5,15375,1746.58,0
18,16,6,15375,10874.69,0
18,16,7,15375,4296.33,0
18,16,8,15375,6833.33,0
18,16,9,15375,4207.09,0
18,16,10,15375,4850.9,0
18,16,11,15375,4889.15,0
18,17,4,15375,4519.43,0
18,17,5,15375,4500.31,0
18,17,6,15375,2906.72,0
18,17,7,15375,1555.35,0
18,17,8,15375,3512.28,0
18,17,9,15375,7094.68,0
18,17,10,15375,3461.29,0
18,18,3,15375,1944.19,0
18,18,4,15375,2358.52,0
18,18,5,15375,847.79,0
18,18,6,15375,1185.63,0
18,18,7,15375,1383.24,0
18,18,8,15375,1357.74,0
18,18,9,15375,1542.6,0
18,18,10,15375,2231.03,0
18,18,11,15375,2078.05,0
18,19,5,15375,1357.74,0
18,19,6,15375,1306.75,0
18,19,7,15375,2893.97,0
18,19,8,15375,1759.33,0
18,19,9,15375,650.19,0
18,19,10,15375,905.16,0
18,19,11,15375,1223.88,0
19,11,3,15375,261.35,0
19,11,4,15375,752.18,0
19,11,5,15375,618.31,0
19,11,6,15375,223.1,0
19,12,3,15375,758.55,0
19,12,4,15375,784.05,0
19,12,5,15375,1682.84,0
19,12,6,15375,529.07,0
19,12,7,15375,1090.02,0
19,12,8,15375,949.78,0
19,12,9,15375,318.72,0
19,13,4,15375,2071.67,0
19,13,5,15375,873.29,0
19,13,6,15375,4143.35,0
19,13,7,15375,1172.89,0
19,13,8,15375,1281.25,0
19,13,9,15375,1472.48,0
19,13,10,15375,1453.36,0
19,13,11,15375,548.2,0
19,14,4,15375,2007.93,0
19,14,5,15375,5998.29,0
19,14,6,15375,3059.7,0
19,14,7,15375,3072.45,0
19,14,8,15375,2441.39,0
19,14,9,15375,1045.4,0
19,14,10,15375,733.05,0
19,14,11,15375,1070.9,0
19,15,5,15375,4124.22,0
19,15,6,15375,4334.58,0
19,15,7,15375,3270.06,0
19,15,8,15375,8063.59,0
19,15,9,15375,4034.98,0
19,15,10,15375,3894.75,0
19,15,11,15375,4959.27,0
19,16,4,15375,1338.62,0
19,16,5,15375,2275.65,0
19,16,6,15375,9000.62,0
19,16,7,15375,6234.14,0
19,16,8,15375,8254.82,0
19,16,9,15375,3556.9,0
19,16,10,15375,3595.15,0
19,16,11,15375,5335.35,0
19,17,4,15375,3748.13,0
19,17,5,15375,4697.92,0
19,17,6,15375,2664.49,0
19,17,7,15375,1300.37,0
19,17,8,15375,3582.4,0
19,17,9,15375,5424.6,0
19,17,10,15375,4965.64,0
19,18,3,15375,3276.43,0
19,18,4,15375,3034.2,0
19,18,5,15375,688.43,0
19,18,6,15375,1440.61,0
19,18,7,15375,1510.73,0
19,18,8,15375,1070.9,0
19,18,9,15375,2058.92,0
19,18,10,15375,1351.37,0
19,18,11,15375,2250.16,0
19,19,4,15375,1319.5,0
19,19,5,15375,1179.26,0
19,19,6,15375,1555.35,0
19,19,7,15375,2192.79,0
19,19,8,15375,1217.51,0
19,19,9,15375,803.17,0
19,19,10,15375,828.67,0
19,19,11,15375,1344.99,0
19,20,6,15375,3474.04,0
19,20,7,15375,3123.45,0
19,20,8,15375,1147.39,0
19,20,9,15375,2039.8,0
19,20,10,15375,5399.1,0
19,20,11,15375,1415.11,0
20,11,3,15375,331.47,0
20,11,4,15375,1389.61,0
20,12,3,15375,790.42,0
20,12,4,15375,1287.62,0
20,12,5,15375,1211.13,0
20,12,6,15375,752.18,0
20,12,7,15375,892.41,0
20,12,8,15375,733.05,0
20,12,9,15375,586.44,0
20,13,4,15375,2256.53,0
20,13,5,15375,1650.96,0
20,13,6,15375,3333.8,0
20,13,7,15375,1459.73,0
20,13,8,15375,752.18,0
20,13,9,15375,752.18,0
20,13,10,15375,1803.95,0
20,13,11,15375,541.82,0
20,14,4,15375,3174.44,0
20,14,5,15375,5552.08,0
20,14,6,15375,4646.92,0
20,14,7,15375,2798.35,0
20,14,8,15375,2173.66,0
20,14,9,15375,1803.95,0
20,14,10,15375,1472.48,0
20,14,11,15375,1243.0,0
20,15,5,15375,6387.13,0
20,15,6,15375,3932.99,0
20,15,7,15375,2568.87,0
20,15,8,15375,7547.26,0
20,15,9,15375,4194.34,0
20,15,10,15375,3161.69,0
20,15,11,15375,4748.91,0
20,16,4,15375,3199.94,0
20,16,5,15375,2549.75,0
20,16,6,15375,7509.02,0
20,16,7,15375,5067.63,0
20,16,8,15375,7477.15,0
20,16,9,15375,4060.48,0
20,16,10,15375,3505.91,0
20,16,11,15375,9045.24,0
20,17,4,15375,4379.2,0
20,17,5,15375,3760.88,0
20,17,6,15375,4761.66,0
20,17,7,15375,1982.43,0
20,17,8,15375,3199.94,0
20,17,9,15375,4933.77,0
20,17,10,15375,9593.44,0
20,18,3,15375,3582.4,0
20,18,4,15375,2199.16,0
20,18,5,15375,1740.21,0
20,18,6,15375,2160.91,0
20,18,7,15375,1784.83,0
20,18,8,15375,1243.0,0
20,18,9,15375,1325.87,0
20,18,10,15375,1740.21,0
20,18,11,15375,1816.7,0
20,19,4,15375,567.32,0
20,19,5,15375,560.95,0
20,19,6,15375,1491.6,0
20,19,7,15375,2224.66,0
20,19,8,15375,1421.49,0
20,19,9,15375,1459.73,0
20,19,10,15375,790.42,0
20,19,11,15375,1529.85,0
20,20,6,15375,2301.15,0
20,20,7,15375,2377.64,0
20,20,8,15375,2779.23,0
20,20,9,15375,1963.31,0
20,20,10,15375,4168.84,0
20,20,11,15375,1835.82,0
21,12,3,15375,956.16,0
21,12,4,15375,1682.84,0
21,12,5,15375,988.03,0
21,12,6,15375,713.93,0
21,12,7,15375,650.19,0
21,13,4,15375,2326.65,0
21,13,5,15375,1727.46,0
21,13,6,15375,2817.48,0
21,13,7,15375,1835.82,0
21,13,8,15375,713.93,0
21,13,9,15375,1192.01,0
21,13,10,15375,1319.5,0
21,13,11,15375,516.32,0
21,14,4,15375,2530.63,0
21,14,5,15375,5392.72,0
21,14,6,15375,4493.94,0
21,14,7,15375,2192.79,0
21,14,8,15375,2141.79,0
21,14,9,15375,1587.22,0
21,14,10,15375,3818.25,0
21,14,11,15375,1172.89,0
21,15,5,15375,7018.19,0
21,15,6,15375,3926.62,0
21,15,7,15375,3276.43,0
21,15,8,15375,7719.37,0
21,15,9,15375,3920.24,0
21,15,10,15375,1179.26,0
21,15,11,15375,4117.85,0
21,16,4,15375,5112.25,0
21,16,5,15375,3454.91,0
21,16,6,15375,7477.15,0
21,16,7,15375,4251.71,0
21,16,8,15375,5150.5,0
21,16,9,15375,4729.79,0
21,16,10,15375,3403.92,0
21,16,11,15375,10084.27,0
21,17,4,15375,4124.22,0
21,17,5,15375,2460.51,0
21,17,6,15375,4551.31,0
21,17,7,15375,2294.78,0
21,17,8,15375,3225.44,0
21,17,9,15375,6527.36,0
21,17,10,15375,9140.86,0
21,18,3,15375,3346.55,0
21,18,4,15375,1619.09,0
21,18,5,15375,3805.5,0
21,18,6,15375,2435.01,0
21,18,7,15375,2007.93,0
21,18,8,15375,917.91,0
21,18,9,15375,1313.12,0
21,18,10,15375,1797.57,0
21,18,11,15375,2007.93,0
21,19,5,15375,465.33,0
21,19,6,15375,1765.7,0
21,19,7,15375,2670.86,0
21,19,8,15375,2103.54,0
21,19,9,15375,1797.57,0
21,19,10,15375,771.3,0
21,19,11,15375,1262.13,0
21,20,7,15375,2938.59,0
21,20,8,15375,4627.8,0
21,20,9,15375,2186.41,0
21,20,10,15375,1848.57,0
21,20,11,15375,1816.7,0
22,12,3,15375,1587.22,0
22,12,4,15375,1568.1,0
22,13,4,15375,1931.44,0
22,13,5,15375,1778.45,0
22,13,6,15375,2186.41,0
22,13,7,15375,911.54,0
22,13,8,15375,828.67,0
22,13,9,15375,1370.49,0
22,14,4,15375,2071.67,0
22,14,5,15375,6393.5,0
22,14,6,15375,6399.88,0
22,14,7,15375,2090.8,0
22,14,8,15375,2435.01,0
22,14,9,15375,1096.39,0
22,14,10,15375,2677.24,0
22,15,5,15375,5112.25,0
22,15,6,15375,3525.03,0
22,15,7,15375,2951.34,0
22,15,8,15375,6361.63,0
22,15,9,15375,3461.29,0
22,15,10,15375,1185.63,0
22,16,4,15375,5246.11,0
22,16,5,15375,4787.16,0
22,16,6,15375,6176.77,0
22,16,7,15375,3333.8,0
22,16,8,15375,2460.51,0
22,16,9,15375,4914.65,0
22,16,10,15375,3824.63,0
22,17,4,15375,3429.42,0
22,17,5,15375,2027.05,0
22,17,6,15375,4353.7,0
22,17,7,15375,5379.98,0
22,17,8,15375,3454.91,0
22,17,9,15375,8490.67,0
22,17,10,15375,8968.75,0
22,18,3,15375,3748.13,0
22,18,4,15375,1517.1,0
22,18,5,15375,4717.04,0
22,18,6,15375,2084.42,0
22,18,7,15375,1727.46,0
22,18,8,15375,911.54,0
22,18,9,15375,1580.85,0
22,18,10,15375,3454.91,0
22,19,5,15375,535.45,0
22,19,6,15375,1134.64,0
22,19,7,15375,2224.66,0
22,19,8,15375,1886.82,0
22,19,9,15375,1695.58,0
22,19,10,15375,854.17,0
22,20,7,15375,1383.24,0
22,20,8,15375,3097.95,0
22,20,9,15375,2326.65,0
22,20,10,15375,567.32,0
23,13,4,15375,1733.83,0
23,13,5,15375,1574.47,0
23,13,6,15375,1446.98,0
23,13,7,15375,395.21,0
23,14,4,15375,1918.69,0
23,14,5,15375,8968.75,0
23,14,6,15375,4978.39,0
23,14,7,15375,2301.15,0
23,14,8,15375,1854.94,0
23,14,9,15375,784.05,0
23,14,10,15375,943.41,0
23,14,11,15375,898.79,0
23,15,5,15375,3639.77,0
23,15,6,15375,2486.01,0
23,15,7,15375,2760.11,0
23,15,8,15375,4500.31,0
23,15,9,15375,3104.32,0
23,15,10,15375,1166.51,0
23,15,11,15375,1211.13,0
23,16,4,15375,4793.53,0
23,16,5,15375,7451.65,0
23,16,6,15375,4748.91,0
23,16,7,15375,3416.67,0
23,16,8,15375,2288.4,0
23,16,9,15375,5252.49,0
23,16,10,15375,4245.34,0
23,16,11,15375,5921.8,0
23,17,4,15375,4047.73,0
23,17,5,15375,2320.27,0
23,17,6,15375,3161.69,0
23,17,7,15375,6476.37,0
23,17,8,15375,3091.57,0
23,17,9,15375,7540.89,0
23,17,10,15375,7030.94,0
23,18,4,15375,1440.61,0
23,18,5,15375,4672.42,0
23,18,6,15375,1912.31,0
23,18,7,15375,1466.11,0
23,18,8,15375,1650.96,0
23,18,9,15375,2116.29,0
23,18,10,15375,3767.26,0
23,18,11,15375,3314.68,0
23,19,6,15375,835.04,0
23,19,7,15375,1440.61,0
23,19,8,15375,1854.94,0
23,19,9,15375,1134.64,0
23,19,10,15375,943.41,0
23,19,11,15375,886.04,0
23,20,8,15375,1491.6,0
23,20,9,15375,1842.2,0
23,20,10,15375,605.57,0
23,20,11,15375,688.43,0
24,13,4,15375,1746.58,0
24,13,5,15375,1141.01,0
24,13,6,15375,981.65,0
24,13,7,15375,254.98,0
24,14,4,15375,3136.19,0
24,14,5,15375,7203.05,0
24,14,6,15375,4627.8,0
24,14,7,15375,2511.5,0
24,14,8,15375,1121.89,0
24,14,9,15375,465.33,0
24,14,10,15375,414.33,0
24,14,11,15375,656.56,0
24,15,5,15375,2900.34,0
24,15,6,15375,3244.56,0
24,15,7,15375,3913.87,0
24,15,8,15375,4474.81,0
24,15,9,15375,2957.71,0
24,15,10,15375,1612.72,0
24,15,11,15375,1166.51,0
24,16,4,15375,5360.85,0
24,16,5,15375,6368.0,0
24,16,6,15375,4117.85,0
24,16,7,15375,4742.54,0
24,16,8,15375,1995.18,0
24,16,9,15375,4697.92,0
24,16,10,15375,3862.87,0
24,16,11,15375,4455.69,0
24,17,4,15375,5328.98,0
24,17,5,15375,3493.16,0
24,17,6,15375,2422.26,0
24,17,7,15375,5418.22,0
24,17,8,15375,2798.35,0
24,17,9,15375,5086.75,0
24,17,10,15375,5239.74,0
24,18,3,15375,2874.84,0
24,18,4,15375,1905.94,0
24,18,5,15375,3378.42,0
24,18,6,15375,1803.95,0
24,18,7,15375,1344.99,0
24,18,8,15375,2473.26,0
24,18,9,15375,3289.18,0
24,18,10,15375,5660.45,0
24,18,11,15375,5399.1,0
24,19,5,15375,988.03,0
24,19,6,15375,1249.38,0
24,19,7,15375,1619.09,0
24,19,8,15375,1230.25,0
24,19,9,15375,1058.15,0
24,19,10,15375,930.66,0
24,19,11,15375,1395.99,0
24,20,7,15375,1039.02,0
24,20,8,15375,1536.23,0
24,20,9,15375,1491.6,0
24,20,10,15375,631.06,0
24,20,11,15375,586.44,0
25,13,4,15375,917.91,0
25,13,5,15375,796.8,0
25,13,6,15375,994.4,0
25,14,4,15375,3435.79,0
25,14,5,15375,5367.23,0
25,14,6,15375,3767.26,0
25,14,7,15375,1606.34,0
25,14,8,15375,529.07,0
25,14,9,15375,656.56,0
25,14,10,15375,382.46,0
25,14,11,15375,286.85,0
25,15,5,15375,3276.43,0
25,15,6,15375,2842.97,0
25,15,7,15375,4423.82,0
25,15,8,15375,3244.56,0
25,15,9,15375,3352.92,0
25,15,10,15375,1102.77,0
25,15,11,15375,1644.59,0
25,16,4,15375,3525.03,0
25,16,5,15375,3333.8,0
25,16,6,15375,2823.85,0
25,16,7,15375,3493.16,0
25,16,8,15375,2651.74,0
25,16,9,15375,4602.3,0
25,16,10,15375,3085.2,0
25,16,11,15375,2167.29,0
25,17,4,15375,4921.02,0
25,17,5,15375,4576.8,0
25,17,6,15375,2186.41,0
25,17,7,15375,5284.36,0
25,17,8,15375,4130.6,0
25,17,9,15375,2428.64,0
25,17,10,15375,4289.96,0
25,18,3,15375,2339.4,0
25,18,4,15375,1580.85,0
25,18,5,15375,2760.11,0
25,18,6,15375,2594.37,0
25,18,7,15375,1255.75,0
25,18,8,15375,3684.39,0
25,18,9,15375,4608.68,0
25,18,10,15375,6476.37,0
25,18,11,15375,7432.52,0
25,19,4,15375,586.44,0
25,19,5,15375,2001.55,0
25,19,6,15375,917.91,0
25,19,7,15375,2256.53,0
25,19,8,15375,911.54,0
25,19,9,15375,1070.9,0
25,19,10,15375,1740.21,0
25,19,11,15375,1319.5,0
25,20,6,15375,1625.47,0
25,20,7,15375,3110.7,0
25,20,8,15375,1517.1,0
25,20,9,15375,1485.23,0
25,20,10,15375,694.81,0
25,20,11,15375,522.7,0
26,13,4,15375,752.18,0
26,13,5,15375,707.56,0
26,13,6,15375,1274.88,0
26,13,7,15375,516.32,0
26,14,4,15375,2651.74,0
26,14,5,15375,3588.77,0
26,14,6,15375,3920.24,0
26,14,7,15375,2084.42,0
26,14,8,15375,662.94,0
26,14,9,15375,1077.27,0
26,14,10,15375,274.1,0
26,14,11,15375,312.34,0
26,15,5,15375,4092.35,0
26,15,6,15375,2167.29,0
26,15,7,15375,2352.15,0
26,15,8,15375,2307.52,0
26,15,9,15375,3537.78,0
26,15,10,15375,1141.01,0
26,15,11,15375,988.03,0
26,16,4,15375,2065.3,0
26,16,5,15375,2435.01,0
26,16,6,15375,2294.78,0
26,16,7,15375,4302.71,0
26,16,8,15375,2811.1,0
26,16,9,15375,2262.9,0
26,16,10,15375,2014.3,0
26,16,11,15375,1440.61,0
26,17,4,15375,2588.0,0
26,17,5,15375,6125.78,0
26,17,6,15375,2537.0,0
26,17,7,15375,4653.3,0
26,17,8,15375,4940.14,0
26,17,9,15375,2084.42,0
26,17,10,15375,2333.02,0
26,18,3,15375,1899.56,0
26,18,4,15375,2262.9,0
26,18,5,15375,2320.27,0
26,18,6,15375,2269.28,0
26,18,7,15375,2384.02,0
26,18,8,15375,4022.23,0
26,18,9,15375,5182.37,0
26,18,10,15375,6278.76,0
26,18,11,15375,7266.79,0
26,19,3,15375,1013.53,0
26,19,4,15375,1198.38,0
26,19,5,15375,3352.92,0
26,19,6,15375,1236.63,0
26,19,7,15375,1905.94,0
26,19,8,15375,892.41,0
26,19,9,15375,1039.02,0
26,19,10,15375,2677.24,0
26,19,11,15375,2243.78,0
26,20,4,15375,2830.22,0
26,20,5,15375,2237.41,0
26,20,6,15375,1370.49,0
26,20,7,15375,3958.49,0
26,20,8,15375,1708.33,0
26,20,9,15375,2148.17,0
26,20,10,15375,790.42,0
26,20,11,15375,618.31,0
27,13,4,15375,886.04,0
27,13,5,15375,1198.38,0
27,13,6,15375,1842.2,0
27,13,7,15375,854.17,0
27,13,8,15375,803.17,0
27,14,4,15375,3085.2,0
27,14,5,15375,2460.51,0
27,14,6,15375,2454.14,0
27,14,7,15375,2524.25,0
27,14,8,15375,764.93,0
27,14,9,15375,1141.01,0
27,14,10,15375,376.09,0
27,14,11,15375,414.33,0
27,15,5,15375,3327.43,0
27,15,6,15375,2205.53,0
27,15,7,15375,1759.33,0
27,15,8,15375,1689.21,0
27,15,9,15375,2734.61,0
27,15,10,15375,1376.87,0
27,15,11,15375,720.3,0
27,16,4,15375,2256.53,0
27,16,5,15375,2868.47,0
27,16,6,15375,2129.04,0
27,16,7,15375,3505.91,0
27,16,8,15375,2760.11,0
27,16,9,15375,1243.0,0
27,16,10,15375,1657.34,0
27,16,11,15375,1204.76,0
27,17,4,15375,2830.22,0
27,17,5,15375,9956.78,0
27,17,6,15375,3856.5,0
27,17,7,15375,3314.68,0
27,17,8,15375,7113.81,0
27,17,9,15375,3015.08,0
27,17,10,15375,1211.13,0
27,18,3,15375,2951.34,0
27,18,4,15375,4296.33,0
27,18,5,15375,1376.87,0
27,18,6,15375,1383.24,0
27,18,7,15375,2071.67,0
27,18,8,15375,3333.8,0
27,18,9,15375,4691.54,0
27,18,10,15375,5297.11,0
27,18,11,15375,5877.18,0
27,19,3,15375,1045.4,0
27,19,4,15375,1338.62,0
27,19,5,15375,4283.58,0
27,19,6,15375,2492.38,0
27,19,7,15375,3582.4,0
27,19,8,15375,1128.26,0
27,19,9,15375,815.92,0
27,19,10,15375,1650.96,0
27,19,11,15375,2148.17,0
27,20,3,15375,2211.91,0
27,20,4,15375,3091.57,0
27,20,5,15375,2721.86,0
27,20,6,15375,1491.6,0
27,20,7,15375,4627.8,0
27,20,8,15375,2403.14,0
27,20,9,15375,3429.42,0
27,20,10,15375,1497.98,0
27,20,11,15375,1007.15,0
27,21,5,15375,1638.22,0
28,12,3,15375,3206.31,0
28,13,4,15375,1561.72,0
28,13,5,15375,2027.05,0
28,13,6,15375,2307.52,0
28,13,7,15375,1211.13,0
28,13,8,15375,1032.65,0
28,13,9,15375,395.21,0
28,14,4,15375,1810.32,0
28,14,5,15375,1861.32,0
28,14,6,15375,1944.19,0
28,14,7,15375,2262.9,0
28,14,8,15375,1058.15,0
28,14,9,15375,1931.44,0
28,14,10,15375,726.68,0
28,15,5,15375,3231.81,0
28,15,6,15375,2339.4,0
28,15,7,15375,1160.14,0
28,15,8,15375,1529.85,0
28,15,9,15375,1765.7,0
28,15,10,15375,1561.72,0
28,16,4,15375,2530.63,0
28,16,5,15375,4079.6,0
28,16,6,15375,2556.13,0
28,16,7,15375,2734.61,0
28,16,8,15375,2517.88,0
28,16,9,15375,1956.93,0
28,16,10,15375,1714.71,0
28,17,4,15375,3964.86,0
28,17,5,15375,8764.77,0
28,17,6,15375,4742.54,0
28,17,7,15375,3461.29,0
28,17,8,15375,8535.29,0
28,17,9,15375,4360.07,0
28,17,10,15375,1816.7,0
28,18,3,15375,5067.63,0
28,18,4,15375,2122.67,0
28,18,5,15375,943.41,0
28,18,6,15375,1714.71,0
28,18,7,15375,2849.35,0
28,18,8,15375,2893.97,0
28,18,9,15375,3244.56,0
28,18,10,15375,5437.34,0
28,19,3,15375,1255.75,0
28,19,4,15375,2428.64,0
28,19,5,15375,5940.92,0
28,19,6,15375,3008.71,0
28,19,7,15375,5469.22,0
28,19,8,15375,1294.0,0
28,19,9,15375,1007.15,0
28,19,10,15375,1931.44,0
28,20,3,15375,2052.55,0
28,20,4,15375,5328.98,0
28,20,5,15375,3620.65,0
28,20,6,15375,1090.02,0
28,20,7,15375,2141.79,0
28,20,8,15375,3722.64,0
28,20,9,15375,3410.29,0
28,20,10,15375,2626.24,0
28,21,4,15375,3792.75,0
28,21,5,15375,2288.4,0
29,12,3,15375,2702.74,0
29,13,4,15375,2530.63,0
29,13,5,15375,1886.82,0
29,13,6,15375,1791.2,0
29,13,7,15375,2301.15,0
29,13,8,15375,1364.12,0
29,13,9,15375,267.72,0
29,14,4,15375,1192.01,0
29,14,5,15375,1223.88,0
29,14,6,15375,1192.01,0
29,14,7,15375,1593.59,0
29,14,8,15375,1198.38,0
29,14,9,15375,3499.53,0
29,14,10,15375,1389.61,0
29,15,5,15375,2913.09,0
29,15,6,15375,2243.78,0
29,15,7,15375,1281.25,0
29,15,8,15375,675.68,0
29,15,9,15375,1211.13,0
29,15,10,15375,1650.96,0
29,16,4,15375,5622.2,0
29,16,5,15375,5685.95,0
29,16,6,15375,3346.55,0
29,16,7,15375,2307.52,0
29,16,8,15375,2842.97,0
29,16,9,15375,2543.38,0
29,16,10,15375,911.54,0
29,17,4,15375,4978.39,0
29,17,5,15375,4557.68,0
29,17,6,15375,4787.16,0
29,17,7,15375,4799.91,0
29,17,8,15375,10549.6,0
29,17,9,15375,6865.21,0
29,17,10,15375,3729.01,0
29,18,3,15375,5367.23,0
29,18,4,15375,1262.13,0
29,18,5,15375,968.91,0
29,18,6,15375,1740.21,0
29,18,7,15375,3250.93,0
29,18,8,15375,2964.09,0
29,18,9,15375,2677.24,0
29,18,10,15375,5220.62,0
29,19,3,15375,1568.1,0
29,19,4,15375,2396.77,0
29,19,5,15375,4506.69,0
29,19,6,15375,2791.98,0
29,19,7,15375,2556.13,0
29,19,8,15375,1007.15,0
29,19,9,15375,1548.97,0
29,19,10,15375,3990.36,0
29,20,3,15375,2345.77,0
29,20,4,15375,4627.8,0
29,20,5,15375,3301.93,0
29,20,6,15375,1835.82,0
29,20,7,15375,1899.56,0
29,20,8,15375,3996.74,0
29,20,9,15375,2160.91,0
29,20,10,15375,1166.51,0
29,21,4,15375,3270.06,0
29,21,5,15375,3633.4,0
30,13,4,15375,1217.51,0
30,13,5,15375,2345.77,0
30,13,7,15375,2479.63,0
30,13,8,15375,873.29,0
30,14,4,15375,1580.85,0
30,14,5,15375,1389.61,0
30,14,7,15375,1670.09,0
30,14,8,15375,2046.18,0
30,16,4,15375,7547.26,0
30,16,5,15375,8152.83,0
30,16,7,15375,3639.77,0
30,16,8,15375,3327.43,0
30,17,4,15375,5787.94,0
30,17,5,15375,4659.67,0
30,17,7,15375,5258.86,0
30,17,8,15375,7897.85,0
30,18,4,15375,962.53,0
30,18,5,15375,930.66,0
30,18,7,15375,3499.53,0
30,18,8,15375,3652.52,0
30,19,4,15375,2447.76,0
30,19,5,15375,2772.85,0
30,19,7,15375,1344.99,0
30,19,8,15375,643.81,0
30,20,4,15375,3257.31,0
30,20,5,15375,3563.28,0
30,20,7,15375,1351.37,0
30,20,8,15375,3397.54,0
