6,12,4,15375,1370.49,0
6,12,5,15375,1301.72,0
6,12,6,15375,1237.86,0
6,12,7,15375,1630.83,0
6,13,4,15375,1115.06,0
6,13,5,15375,1596.45,0
6,13,6,15375,1562.06,0
6,13,7,15375,1694.69,0
6,15,5,15375,4902.32,0
6,15,6,15375,2573.96,0
6,15,7,15375,4013.22,0
6,16,4,15375,3880.59,0
6,16,5,15375,1851.88,0
6,16,6,15375,3222.36,0
6,16,7,15375,3782.35,0
6,17,4,15375,3089.74,0
6,17,5,15375,4627.24,0
6,17,6,15375,14313.98,0
6,17,7,15375,7903.63,0
7,10,5,15375,672.96,0
7,10,6,15375,412.62,0
7,10,7,15375,727.0,0
7,10,9,15375,270.17,0
7,11,3,15375,1286.98,0
7,11,4,15375,1645.57,0
7,11,5,15375,918.57,0
7,11,6,15375,1065.93,0
7,11,7,15375,481.39,0
7,11,8,15375,442.09,0
7,11,9,15375,407.71,0
7,12,3,15375,1046.29,0
7,12,4,15375,2795.01,0
7,12,5,15375,1527.68,0
7,12,6,15375,2293.97,0
7,12,7,15375,2677.12,0
7,12,8,15375,869.45,0
7,12,9,15375,614.02,0
7,13,4,15375,928.39,0
7,13,5,15375,1061.02,0
7,13,6,15375,1861.7,0
7,13,7,15375,2903.08,0
7,13,8,15375,2146.61,0
7,13,9,15375,2087.66,0
7,14,4,15375,6287.54,0
7,14,5,15375,1925.56,0
7,14,6,15375,3536.74,0
7,14,7,15375,1753.63,0
7,14,8,15375,1714.34,0
7,14,9,15375,1552.24,0
7,15,5,15375,4322.68,0
7,15,6,15375,1247.68,0
7,15,7,15375,2372.56,0
7,15,8,15375,2082.75,0
7,15,9,15375,2775.36,0
7,16,4,15375,3802.0,0
7,16,5,15375,2141.69,0
7,16,6,15375,3762.7,0
7,16,7,15375,3846.21,0
7,16,8,15375,2765.54,0
7,16,9,15375,1748.72,0
7,17,4,15375,2898.16,0
7,17,5,15375,5570.37,0
7,17,6,15375,15375.0,0
7,17,7,15375,7004.71,0
7,17,8,15375,1341.01,0
7,17,9,15375,2018.89,0
7,18,3,15375,1188.74,0
7,18,4,15375,736.82,0
7,18,5,15375,1704.51,0
7,18,6,15375,3630.07,0
7,18,7,15375,1164.18,0
7,18,8,15375,4671.45,0
7,18,9,15375,8945.01,0
8,10,5,15375,510.86,0
8,10,6,15375,564.9,0
8,10,7,15375,476.48,0
8,10,9,15375,442.09,0
8,11,3,15375,2289.06,0
8,11,4,15375,2795.01,0
8,11,5,15375,795.77,0
8,11,6,15375,1090.5,0
8,11,7,15375,496.13,0
8,11,8,15375,324.2,0
8,11,9,15375,412.62,0
8,11,10,15375,466.65,0
8,12,3,15375,1360.66,0
8,12,4,15375,4194.97,0
8,12,5,15375,1837.14,0
8,12,6,15375,2903.08,0
8,12,7,15375,3335.34,0
8,12,8,15375,943.13,0
8,12,9,15375,525.6,0
8,12,10,15375,1075.76,0
8,13,4,15375,810.5,0
8,13,5,15375,1021.73,0
8,13,6,15375,1345.93,0
8,13,7,15375,4799.16,0
8,13,8,15375,2122.04,0
8,13,9,15375,2691.85,0
8,13,10,15375,1768.37,0
8,14,4,15375,4538.82,0
8,14,5,15375,2878.51,0
8,14,6,15375,4101.64,0
8,14,7,15375,1478.55,0
8,14,8,15375,1306.63,0
8,14,9,15375,1355.75,0
8,14,10,15375,1247.68,0
8,15,5,15375,3261.66,0
8,15,6,15375,844.89,0
8,15,7,15375,2515.02,0
8,15,8,15375,2136.78,0
8,15,9,15375,3060.26,0
8,15,10,15375,2323.44,0
8,16,4,15375,4474.96,0
8,16,5,15375,2431.51,0
8,16,6,15375,3605.51,0
8,16,7,15375,4730.39,0
8,16,8,15375,1733.99,0
8,16,9,15375,1291.89,0
8,16,10,15375,2053.27,0
8,17,4,15375,2917.81,0
8,17,5,15375,4843.37,0
8,17,6,15375,10811.62,0
8,17,7,15375,7009.62,0
8,17,8,15375,1670.13,0
8,17,9,15375,1792.93,0
8,17,10,15375,2893.25,0
8,18,3,15375,2077.84,0
8,18,4,15375,839.98,0
8,18,5,15375,1139.62,0
8,18,6,15375,4239.18,0
8,18,7,15375,1645.57,0
8,18,8,15375,3669.37,0
8,18,9,15375,11017.93,0
8,18,10,15375,7471.37,0
8,19,3,15375,1930.47,0
8,19,4,15375,550.16,0
8,19,5,15375,1178.91,0
8,19,6,15375,2775.36,0
8,19,7,15375,1621.01,0
8,19,8,15375,1051.2,0
8,19,9,15375,3001.32,0
8,19,10,15375,2706.59,0
9,10,5,15375,496.13,0
9,10,6,15375,491.21,0
9,11,4,15375,3433.59,0
9,11,5,15375,461.74,0
9,11,6,15375,1105.23,0
9,11,7,15375,785.94,0
9,11,8,15375,294.73,0
9,11,9,15375,373.32,0
9,11,10,15375,1119.97,0
9,11,11,15375,221.05,0
9,12,4,15375,3679.19,0
9,12,5,15375,1660.3,0
9,12,6,15375,2966.93,0
9,12,7,15375,3384.46,0
9,12,8,15375,1375.4,0
9,12,9,15375,648.4,0
9,12,10,15375,898.92,0
9,13,4,15375,751.56,0
9,13,5,15375,957.87,0
9,13,6,15375,1557.15,0
9,13,7,15375,4524.08,0
9,13,8,15375,1817.49,0
9,13,9,15375,2770.45,0
9,13,10,15375,1675.04,0
9,13,11,15375,1085.58,0
9,14,4,15375,2637.82,0
9,14,5,15375,3114.3,0
9,14,6,15375,2544.49,0
9,14,7,15375,1788.02,0
9,14,8,15375,1837.14,0
9,14,9,15375,1733.99,0
9,14,10,15375,962.78,0
9,14,11,15375,618.93,0
9,15,5,15375,2962.02,0
9,15,6,15375,1267.33,0
9,15,7,15375,3413.94,0
9,15,8,15375,2298.88,0
9,15,9,15375,4583.03,0
9,15,10,15375,2151.52,0
9,15,11,15375,820.33,0
9,16,4,15375,4381.63,0
9,16,5,15375,3124.12,0
9,16,6,15375,3860.94,0
9,16,7,15375,4759.86,0
9,16,8,15375,1527.68,0
9,16,9,15375,1237.86,0
9,16,10,15375,2249.76,0
9,16,11,15375,3718.49,0
9,17,4,15375,2377.48,0
9,17,5,15375,4023.04,0
9,17,6,15375,6980.15,0
9,17,7,15375,6425.08,0
9,17,8,15375,2500.28,0
9,17,9,15375,2883.43,0
9,17,10,15375,3512.18,0
9,18,4,15375,874.36,0
9,18,5,15375,1159.27,0
9,18,6,15375,4641.97,0
9,18,7,15375,2166.25,0
9,18,8,15375,3507.27,0
9,18,9,15375,9229.91,0
9,18,10,15375,7741.53,0
9,18,11,15375,1704.51,0
9,19,4,15375,727.0,0
9,19,5,15375,1925.56,0
9,19,6,15375,3173.24,0
9,19,7,15375,1473.64,0
9,19,8,15375,1085.58,0
9,19,9,15375,3124.12,0
9,19,10,15375,2853.95,0
9,19,11,15375,1837.14,0
10,11,3,15375,2888.34,0
10,11,4,15375,3320.61,0
10,11,5,15375,275.08,0
10,11,6,15375,756.47,0
10,11,7,15375,918.57,0
10,11,8,15375,324.2,0
10,11,9,15375,540.34,0
10,12,3,15375,1429.43,0
10,12,4,15375,3821.65,0
10,12,5,15375,1635.74,0
10,12,6,15375,2858.87,0
10,12,7,15375,2171.17,0
10,12,8,15375,820.33,0
10,12,9,15375,682.79,0
10,12,10,15375,663.14,0
10,13,4,15375,933.31,0
10,13,5,15375,1817.49,0
10,13,6,15375,1724.16,0
10,13,7,15375,2210.46,0
10,13,8,15375,1345.93,0
10,13,9,15375,2824.48,0
10,13,10,15375,1871.53,0
10,13,11,15375,442.09,0
10,14,4,15375,2333.27,0
10,14,5,15375,3016.05,0
10,14,6,15375,2308.71,0
10,14,7,15375,1552.24,0
10,14,8,15375,2303.79,0
10,14,9,15375,1959.94,0
10,14,10,15375,987.34,0
10,14,11,15375,820.33,0
10,15,5,15375,3158.51,0
10,15,6,15375,1345.93,0
10,15,7,15375,3089.74,0
10,15,8,15375,3153.59,0
10,15,9,15375,4489.7,0
10,15,10,15375,2180.99,0
10,15,11,15375,1139.62,0
10,16,4,15375,4479.87,0
10,16,5,15375,4013.22,0
10,16,6,15375,4303.04,0
10,16,7,15375,4190.06,0
10,16,8,15375,2907.99,0
10,16,9,15375,1871.53,0
10,16,10,15375,2136.78,0
10,16,11,15375,3384.46,0
10,17,4,15375,2736.06,0
10,17,5,15375,3865.85,0
10,17,6,15375,6547.88,0
10,17,7,15375,5648.96,0
10,17,8,15375,4745.13,0
10,17,9,15375,3914.98,0
10,17,10,15375,3846.21,0
10,18,3,15375,1640.65,0
10,18,4,15375,943.13,0
10,18,5,15375,1296.81,0
10,18,6,15375,3463.06,0
10,18,7,15375,2475.72,0
10,18,8,15375,3654.63,0
10,18,9,15375,6022.28,0
10,18,10,15375,7083.31,0
10,18,11,15375,2367.65,0
10,19,3,15375,1424.52,0
10,19,4,15375,972.6,0
10,19,5,15375,2421.69,0
10,19,6,15375,2888.34,0
10,19,7,15375,1458.91,0
10,19,8,15375,1350.84,0
10,19,9,15375,2750.8,0
10,19,10,15375,1979.59,0
10,19,11,15375,1994.33,0
10,20,3,15375,2991.49,0
10,20,4,15375,2112.22,0
10,20,5,15375,3659.54,0
10,20,6,15375,1355.75,0
10,20,7,15375,913.66,0
10,20,8,15375,918.57,0
10,20,9,15375,1321.37,0
10,20,10,15375,569.81,0
10,20,11,15375,1085.58,0
11,11,3,15375,1989.42,0
11,11,4,15375,1242.77,0
11,11,5,15375,240.69,0
11,11,6,15375,574.72,0
11,11,7,15375,1213.3,0
11,11,8,15375,471.57,0
11,12,3,15375,1458.91,0
11,12,4,15375,2323.44,0
11,12,5,15375,1532.59,0
11,12,6,15375,2446.25,0
11,12,7,15375,1051.2,0
11,12,8,15375,741.73,0
11,12,9,15375,756.47,0
11,12,10,15375,879.27,0
11,13,4,15375,2564.14,0
11,13,5,15375,2068.01,0
11,13,6,15375,1453.99,0
11,13,7,15375,1169.09,0
11,13,8,15375,889.1,0
11,13,9,15375,2691.85,0
11,13,10,15375,1183.83,0
11,13,11,15375,451.92,0
11,14,4,15375,2092.57,0
11,14,5,15375,2436.42,0
11,14,6,15375,3212.54,0
11,14,7,15375,2343.09,0
11,14,8,15375,1910.82,0
11,14,9,15375,2013.98,0
11,14,10,15375,992.25,0
11,14,11,15375,1056.11,0
11,15,5,15375,2957.11,0
11,15,6,15375,1689.78,0
11,15,7,15375,1994.33,0
11,15,8,15375,3487.62,0
11,15,9,15375,4224.44,0
11,15,10,15375,2038.54,0
11,15,11,15375,1547.32,0
11,16,4,15375,5251.08,0
11,16,5,15375,6356.31,0
11,16,6,15375,4214.62,0
11,16,7,15375,3536.74,0
11,16,8,15375,3998.48,0
11,16,9,15375,3315.69,0
11,16,10,15375,2686.94,0
11,16,11,15375,4253.91,0
11,17,4,15375,3914.98,0
11,17,5,15375,3620.25,0
11,17,6,15375,3954.27,0
11,17,7,15375,4435.66,0
11,17,8,15375,3590.77,0
11,17,9,15375,4155.67,0
11,17,10,15375,2578.87,0
11,18,3,15375,1385.22,0
11,18,4,15375,903.83,0
11,18,5,15375,1036.46,0
11,18,6,15375,2907.99,0
11,18,7,15375,3752.88,0
11,18,8,15375,3394.29,0
11,18,9,15375,3232.19,0
11,18,10,15375,4951.44,0
11,18,11,15375,3276.4,0
11,19,3,15375,839.98,0
11,19,4,15375,1552.24,0
11,19,5,15375,1935.38,0
11,19,6,15375,1812.58,0
11,19,7,15375,638.58,0
11,19,8,15375,1124.88,0
11,19,9,15375,1203.47,0
11,19,10,15375,1650.48,0
11,19,11,15375,1414.7,0
11,20,3,15375,3718.49,0
11,20,4,15375,1758.55,0
11,20,5,15375,1837.14,0
11,20,6,15375,1203.47,0
11,20,7,15375,1188.74,0
11,20,8,15375,707.35,0
11,20,9,15375,1061.02,0
11,20,10,15375,230.87,0
11,20,11,15375,933.31,0
12,11,3,15375,1729.07,0
12,11,4,15375,682.79,0
12,11,5,15375,255.43,0
12,11,6,15375,501.04,0
12,11,7,15375,1016.81,0
12,11,8,15375,501.04,0
12,12,3,15375,1306.63,0
12,12,4,15375,2215.38,0
12,12,5,15375,1910.82,0
12,12,6,15375,2397.12,0
12,12,7,15375,589.46,0
12,12,8,15375,486.3,0
12,12,9,15375,422.44,0
12,12,10,15375,643.49,0
12,13,4,15375,4882.67,0
12,13,5,15375,3276.4,0
12,13,6,15375,1085.58,0
12,13,7,15375,1051.2,0
12,13,8,15375,1036.46,0
12,13,9,15375,2858.87,0
12,13,10,15375,1414.7,0
12,13,11,15375,486.3,0
12,14,4,15375,2348.0,0
12,14,5,15375,2166.25,0
12,14,6,15375,3020.97,0
12,14,7,15375,2411.86,0
12,14,8,15375,1925.56,0
12,14,9,15375,2156.43,0
12,14,10,15375,1341.01,0
12,14,11,15375,771.21,0
12,15,5,15375,3644.81,0
12,15,6,15375,2510.1,0
12,15,7,15375,2068.01,0
12,15,8,15375,3025.88,0
12,15,9,15375,4406.19,0
12,15,10,15375,1945.21,0
12,15,11,15375,1458.91,0
12,16,4,15375,6459.46,0
12,16,5,15375,7387.86,0
12,16,6,15375,6145.09,0
12,16,7,15375,3256.75,0
12,16,8,15375,3738.14,0
12,16,9,15375,3310.78,0
12,16,10,15375,2023.8,0
12,16,11,15375,4037.78,0
12,17,4,15375,3659.54,0
12,17,5,15375,2510.1,0
12,17,6,15375,2421.69,0
12,17,7,15375,5894.57,0
12,17,8,15375,2912.9,0
12,17,9,15375,3620.25,0
12,17,10,15375,2298.88,0
12,18,3,15375,1041.37,0
12,18,4,15375,844.89,0
12,18,5,15375,1144.53,0
12,18,6,15375,1827.32,0
12,18,7,15375,2824.48,0
12,18,8,15375,3531.83,0
12,18,9,15375,1630.83,0
12,18,10,15375,3354.99,0
12,18,11,15375,2834.31,0
12,19,3,15375,1311.54,0
12,19,4,15375,1566.97,0
12,19,5,15375,1591.53,0
12,19,6,15375,810.5,0
12,19,7,15375,505.95,0
12,19,8,15375,392.97,0
12,19,9,15375,1149.44,0
12,19,10,15375,1635.74,0
12,19,11,15375,1724.16,0
12,20,4,15375,1856.79,0
12,20,5,15375,599.28,0
12,20,6,15375,820.33,0
12,20,7,15375,1164.18,0
12,20,8,15375,997.16,0
12,20,9,15375,1051.2,0
12,20,10,15375,338.94,0
12,20,11,15375,545.25,0
13,11,4,15375,609.11,0
13,11,5,15375,388.06,0
13,11,6,15375,358.59,0
13,11,7,15375,756.47,0
13,12,4,15375,1409.78,0
13,12,5,15375,2264.5,0
13,12,6,15375,2072.92,0
13,12,7,15375,579.63,0
13,12,8,15375,329.11,0
13,12,9,15375,289.82,0
13,12,10,15375,515.77,0
13,13,4,15375,4396.37,0
13,13,5,15375,6371.05,0
13,13,6,15375,889.1,0
13,13,7,15375,1336.1,0
13,13,8,15375,1159.27,0
13,13,9,15375,1665.22,0
13,13,10,15375,1439.26,0
13,14,4,15375,3276.4,0
13,14,5,15375,1955.03,0
13,14,6,15375,2549.4,0
13,14,7,15375,2795.01,0
13,14,8,15375,2819.57,0
13,14,9,15375,3232.19,0
13,14,10,15375,2082.75,0
13,15,5,15375,3659.54,0
13,15,6,15375,3281.31,0
13,15,7,15375,2637.82,0
13,15,8,15375,2760.62,0
13,15,9,15375,3320.61,0
13,15,10,15375,1743.81,0
13,16,4,15375,4234.27,0
13,16,5,15375,9112.02,0
13,16,6,15375,7402.6,0
13,16,7,15375,3197.8,0
13,16,8,15375,4980.91,0
13,16,9,15375,2824.48,0
13,16,10,15375,3192.89,0
13,17,4,15375,3350.08,0
13,17,5,15375,3423.76,0
13,17,6,15375,1429.43,0
13,17,7,15375,4863.02,0
13,17,8,15375,3841.29,0
13,17,9,15375,3875.68,0
13,17,10,15375,2053.27,0
13,18,4,15375,727.0,0
13,18,5,15375,1105.23,0
13,18,6,15375,1733.99,0
13,18,7,15375,4686.18,0
13,18,8,15375,2878.51,0
13,18,9,15375,1881.35,0
13,18,10,15375,3246.92,0
13,19,4,15375,1689.78,0
13,19,5,15375,1429.43,0
13,19,6,15375,982.43,0
13,19,7,15375,761.38,0
13,19,8,15375,329.11,0
13,19,9,15375,766.29,0
13,19,10,15375,1778.19,0
13,20,5,15375,618.93,0
13,20,6,15375,1390.14,0
13,20,7,15375,1385.22,0
13,20,8,15375,1208.39,0
13,20,9,15375,1429.43,0
13,20,10,15375,795.77,0
14,11,5,15375,609.11,0
14,11,6,15375,343.85,0
14,12,5,15375,1935.38,0
14,12,6,15375,1851.88,0
14,12,7,15375,672.96,0
14,12,8,15375,319.29,0
14,12,9,15375,127.72,0
14,12,10,15375,250.52,0
14,13,5,15375,7382.95,0
14,13,6,15375,1419.61,0
14,13,7,15375,1552.24,0
14,13,8,15375,1586.62,0
14,13,9,15375,2092.57,0
14,13,10,15375,962.78,0
14,13,11,15375,324.2,0
14,14,5,15375,2239.94,0
14,14,6,15375,3556.39,0
14,14,7,15375,3330.43,0
14,14,8,15375,2269.41,0
14,14,9,15375,3458.15,0
14,14,10,15375,1964.86,0
14,14,11,15375,1611.18,0
14,15,5,15375,3335.34,0
14,15,6,15375,4406.19,0
14,15,7,15375,4361.98,0
14,15,8,15375,5211.78,0
14,15,9,15375,2323.44,0
14,15,10,15375,2873.6,0
14,15,11,15375,2431.51,0
14,16,5,15375,10330.23,0
14,16,6,15375,6621.57,0
14,16,7,15375,3615.34,0
14,16,8,15375,5845.45,0
14,16,9,15375,4371.81,0
14,16,10,15375,3762.7,0
14,16,11,15375,3055.35,0
14,17,5,15375,1812.58,0
14,17,6,15375,1286.98,0
14,17,7,15375,3536.74,0
14,17,8,15375,2662.38,0
14,17,9,15375,5152.84,0
14,17,10,15375,2613.26,0
14,18,5,15375,687.7,0
14,18,6,15375,1896.09,0
14,18,7,15375,4371.81,0
14,18,8,15375,1901.0,0
14,18,9,15375,1591.53,0
14,18,10,15375,3364.82,0
14,18,11,15375,1699.6,0
14,19,5,15375,2136.78,0
14,19,6,15375,1085.58,0
14,19,7,15375,1562.06,0
14,19,8,15375,289.82,0
14,19,9,15375,614.02,0
14,19,10,15375,1576.8,0
14,19,11,15375,1345.93,0
14,20,6,15375,1846.96,0
14,20,7,15375,1218.21,0
14,20,8,15375,1522.76,0
14,20,9,15375,1684.86,0
14,20,10,15375,1090.5,0
14,20,11,15375,535.42,0
15,11,5,15375,736.82,0
15,11,6,15375,294.73,0
15,12,5,15375,1846.96,0
15,12,6,15375,1940.3,0
15,12,7,15375,427.36,0
15,12,8,15375,230.87,0
15,12,9,15375,93.33,0
15,12,10,15375,186.66,0
15,13,5,15375,4273.56,0
15,13,6,15375,2092.57,0
15,13,7,15375,1542.41,0
15,13,8,15375,1758.55,0
15,13,9,15375,2357.83,0
15,13,10,15375,992.25,0
15,13,11,15375,171.92,0
15,14,5,15375,1763.46,0
15,14,6,15375,2721.33,0
15,14,7,15375,3389.38,0
15,14,8,15375,2048.36,0
15,14,9,15375,2092.57,0
15,14,10,15375,2328.35,0
15,14,11,15375,2185.9,0
15,15,5,15375,3340.26,0
15,15,6,15375,6931.03,0
15,15,7,15375,6896.65,0
15,15,8,15375,4813.9,0
15,15,9,15375,2962.02,0
15,15,10,15375,1576.8,0
15,15,11,15375,2293.97,0
15,16,5,15375,4735.3,0
15,16,6,15375,4244.09,0
15,16,7,15375,3192.89,0
15,16,8,15375,4440.58,0
15,16,9,15375,7127.52,0
15,16,10,15375,4617.41,0
15,16,11,15375,2470.81,0
15,17,5,15375,2146.61,0
15,17,6,15375,1714.34,0
15,17,7,15375,2809.74,0
15,17,8,15375,3158.51,0
15,17,9,15375,5432.83,0
15,17,10,15375,3242.01,0
15,18,5,15375,1065.93,0
15,18,6,15375,1257.51,0
15,18,7,15375,2009.07,0
15,18,8,15375,2392.21,0
15,18,9,15375,1955.03,0
15,18,10,15375,3197.8,0
15,18,11,15375,1419.61,0
15,19,5,15375,1463.82,0
15,19,6,15375,1503.12,0
15,19,7,15375,1689.78,0
15,19,8,15375,437.18,0
15,19,9,15375,574.72,0
15,19,10,15375,1753.63,0
15,19,11,15375,1291.89,0
15,20,7,15375,839.98,0
15,20,8,15375,1301.72,0
15,20,9,15375,2254.67,0
15,20,10,15375,1792.93,0
15,20,11,15375,825.24,0
16,10,3,15375,334.03,0
16,11,3,15375,515.77,0
16,11,4,15375,1557.15,0
16,11,5,15375,545.25,0
16,11,6,15375,235.78,0
16,12,3,15375,3738.14,0
16,12,4,15375,1630.83,0
16,12,5,15375,1473.64,0
16,12,6,15375,1149.44,0
16,12,7,15375,309.46,0
16,12,8,15375,152.28,0
16,12,9,15375,103.15,0
16,12,10,15375,162.1,0
16,13,4,15375,3114.3,0
16,13,5,15375,1453.99,0
16,13,6,15375,2200.64,0
16,13,7,15375,972.6,0
16,13,8,15375,1562.06,0
16,13,9,15375,1552.24,0
16,13,10,15375,1011.9,0
16,13,11,15375,142.45,0
16,14,4,15375,5806.15,0
16,14,5,15375,2151.52,0
16,14,6,15375,2406.95,0
16,14,7,15375,2456.07,0
16,14,8,15375,2190.81,0
16,14,9,15375,1463.82,0
16,14,10,15375,2185.9,0
16,14,11,15375,1223.12,0
16,15,5,15375,3851.12,0
16,15,6,15375,9313.42,0
16,15,7,15375,7938.02,0
16,15,8,15375,4327.6,0
16,15,9,15375,5791.41,0
16,15,10,15375,1056.11,0
16,15,11,15375,1473.64,0
16,16,4,15375,1930.47,0
16,16,5,15375,3340.26,0
16,16,6,15375,3379.55,0
16,16,7,15375,3192.89,0
16,16,8,15375,4219.53,0
16,16,9,15375,7274.88,0
16,16,10,15375,6488.94,0
16,16,11,15375,2406.95,0
16,17,4,15375,4116.37,0
16,17,5,15375,2893.25,0
16,17,6,15375,3620.25,0
16,17,7,15375,1763.46,0
16,17,8,15375,2456.07,0
16,17,9,15375,3030.79,0
16,17,10,15375,2907.99,0
16,18,3,15375,1444.17,0
16,18,4,15375,2190.81,0
16,18,5,15375,1056.11,0
16,18,6,15375,1124.88,0
16,18,7,15375,1419.61,0
16,18,8,15375,2372.56,0
16,18,9,15375,2289.06,0
16,18,10,15375,2009.07,0
16,18,11,15375,864.54,0
16,19,5,15375,2510.1,0
16,19,6,15375,2736.06,0
16,19,7,15375,2416.77,0
16,19,8,15375,402.8,0
16,19,9,15375,903.83,0
16,19,10,15375,1154.35,0
16,19,11,15375,1783.11,0
16,20,7,15375,1218.21,0
16,20,8,15375,1375.4,0
16,20,9,15375,3124.12,0
16,20,10,15375,2151.52,0
16,20,11,15375,722.08,0
17,10,3,15375,265.26,0
17,11,3,15375,319.29,0
17,11,4,15375,898.92,0
17,11,5,15375,392.97,0
17,11,6,15375,294.73,0
17,12,3,15375,3733.23,0
17,12,4,15375,1164.18,0
17,12,5,15375,903.83,0
17,12,6,15375,731.91,0
17,12,7,15375,294.73,0
17,12,8,15375,147.36,0
17,12,9,15375,112.98,0
17,12,10,15375,191.57,0
17,13,4,15375,2053.27,0
17,13,5,15375,1002.08,0
17,13,6,15375,2377.48,0
17,13,7,15375,614.02,0
17,13,8,15375,967.69,0
17,13,9,15375,1075.76,0
17,13,10,15375,781.03,0
17,13,11,15375,201.4,0
17,14,4,15375,3664.46,0
17,14,5,15375,2799.92,0
17,14,6,15375,3168.33,0
17,14,7,15375,2500.28,0
17,14,8,15375,2406.95,0
17,14,9,15375,1277.16,0
17,14,10,15375,1075.76,0
17,14,11,15375,825.24,0
17,15,5,15375,2775.36,0
17,15,6,15375,7314.18,0
17,15,7,15375,7019.45,0
17,15,8,15375,6425.08,0
17,15,9,15375,5359.15,0
17,15,10,15375,1365.58,0
17,15,11,15375,1365.58,0
17,16,4,15375,2348.0,0
17,16,5,15375,2593.61,0
17,16,6,15375,2765.54,0
17,16,7,15375,3546.57,0
17,16,8,15375,4705.83,0
17,16,9,15375,8483.27,0
17,16,10,15375,5840.54,0
17,16,11,15375,2156.43,0
17,17,4,15375,3163.42,0
17,17,5,15375,2377.48,0
17,17,6,15375,5462.3,0
17,17,7,15375,1842.05,0
17,17,8,15375,1748.72,0
17,17,9,15375,2549.4,0
17,17,10,15375,3443.41,0
17,18,3,15375,1129.79,0
17,18,4,15375,2495.37,0
17,18,5,15375,1164.18,0
17,18,6,15375,992.25,0
17,18,7,15375,1272.24,0
17,18,8,15375,2171.17,0
17,18,9,15375,1861.7,0
17,18,10,15375,1380.31,0
17,18,11,15375,741.73,0
18,10,3,15375,235.78,0
18,11,3,15375,338.94,0
18,11,4,15375,579.63,0
18,11,5,15375,230.87,0
18,11,6,15375,329.11,0
18,12,3,15375,3055.35,0
18,12,4,15375,1115.06,0
18,12,5,15375,717.17,0
18,12,6,15375,530.51,0
18,12,7,15375,442.09,0
18,12,8,15375,216.13,0
18,12,9,15375,206.31,0
18,12,10,15375,348.76,0
18,13,4,15375,1527.68,0
18,13,5,15375,1002.08,0
18,13,6,15375,1689.78,0
18,13,7,15375,432.27,0
18,13,8,15375,476.48,0
18,13,9,15375,466.65,0
18,13,10,15375,653.31,0
18,13,11,15375,275.08,0
18,14,4,15375,1429.43,0
18,14,5,15375,3836.38,0
18,14,6,15375,3634.98,0
18,14,7,15375,2529.75,0
18,14,8,15375,2765.54,0
18,14,9,15375,1061.02,0
18,14,10,15375,1301.72,0
18,14,11,15375,997.16,0
18,15,5,15375,3212.54,0
18,15,6,15375,5491.77,0
18,15,7,15375,6032.11,0
18,15,8,15375,7324.0,0
18,15,9,15375,5093.89,0
18,15,10,15375,1655.39,0
18,15,11,15375,1778.19,0
18,16,4,15375,3242.01,0
18,16,5,15375,2608.35,0
18,16,6,15375,3129.03,0
18,16,7,15375,3900.24,0
18,16,8,15375,3949.36,0
18,16,9,15375,8630.63,0
18,16,10,15375,4558.47,0
18,16,11,15375,2072.92,0
18,17,4,15375,2893.25,0
18,17,5,15375,2058.19,0
18,17,6,15375,5079.15,0
18,17,7,15375,2362.74,0
18,17,8,15375,1974.68,0
18,17,9,15375,2318.53,0
18,17,10,15375,3261.66,0
18,18,3,15375,712.26,0
18,18,4,15375,2171.17,0
18,18,5,15375,1591.53,0
18,18,6,15375,884.19,0
18,18,7,15375,1311.54,0
18,18,8,15375,1198.56,0
18,18,9,15375,1640.65,0
18,18,10,15375,766.29,0
18,18,11,15375,825.24,0
18,19,5,15375,3011.14,0
18,19,6,15375,1547.32,0
18,19,7,15375,1935.38,0
18,19,8,15375,903.83,0
18,19,9,15375,545.25,0
18,19,10,15375,884.19,0
18,19,11,15375,1228.04,0
19,11,3,15375,456.83,0
19,11,4,15375,348.76,0
19,11,5,15375,260.34,0
19,11,6,15375,329.11,0
19,12,3,15375,2888.34,0
19,12,4,15375,1228.04,0
19,12,5,15375,741.73,0
19,12,6,15375,447.0,0
19,12,7,15375,520.69,0
19,12,8,15375,289.82,0
19,12,9,15375,270.17,0
19,13,4,15375,1753.63,0
19,13,5,15375,1453.99,0
19,13,6,15375,1453.99,0
19,13,7,15375,422.44,0
19,13,8,15375,245.61,0
19,13,9,15375,279.99,0
19,13,10,15375,584.54,0
19,13,11,15375,309.46,0
19,14,4,15375,1635.74,0
19,14,5,15375,3541.65,0
19,14,6,15375,3993.57,0
19,14,7,15375,2819.57,0
19,14,8,15375,2372.56,0
19,14,9,15375,830.15,0
19,14,10,15375,1306.63,0
19,14,11,15375,618.93,0
19,15,5,15375,4494.61,0
19,15,6,15375,4519.17,0
19,15,7,15375,4976.0,0
19,15,8,15375,4622.32,0
19,15,9,15375,4966.17,0
19,15,10,15375,2402.04,0
19,15,11,15375,2505.19,0
19,16,4,15375,3399.2,0
19,16,5,15375,2244.85,0
19,16,6,15375,4371.81,0
19,16,7,15375,4131.11,0
19,16,8,15375,5088.98,0
19,16,9,15375,6818.05,0
19,16,10,15375,3477.8,0
19,16,11,15375,2667.29,0
19,17,4,15375,2804.83,0
19,17,5,15375,3001.32,0
19,17,6,15375,4519.17,0
19,17,7,15375,2986.58,0
19,17,8,15375,1508.03,0
19,17,9,15375,2225.2,0
19,17,10,15375,3738.14,0
19,18,3,15375,879.27,0
19,18,4,15375,1994.33,0
19,18,5,15375,1925.56,0
19,18,6,15375,1124.88,0
19,18,7,15375,1453.99,0
19,18,8,15375,864.54,0
19,18,9,15375,2117.13,0
19,18,10,15375,668.05,0
19,18,11,15375,1817.49,0
19,19,4,15375,363.5,0
19,19,5,15375,2239.94,0
19,19,6,15375,1252.6,0
19,19,7,15375,1306.63,0
19,19,8,15375,1006.99,0
19,19,9,15375,545.25,0
19,19,10,15375,1021.73,0
19,19,11,15375,1704.51,0
19,20,6,15375,1586.62,0
19,20,7,15375,2406.95,0
19,20,8,15375,2117.13,0
19,20,9,15375,2185.9,0
19,20,10,15375,1331.19,0
19,20,11,15375,1527.68,0
20,11,3,15375,471.57,0
20,11,4,15375,392.97,0
20,12,3,15375,1999.24,0
20,12,4,15375,1095.41,0
20,12,5,15375,781.03,0
20,12,6,15375,623.84,0
20,12,7,15375,496.13,0
20,12,8,15375,309.46,0
20,12,9,15375,319.29,0
20,13,4,15375,1915.73,0
20,13,5,15375,1453.99,0
20,13,6,15375,1542.41,0
20,13,7,15375,933.31,0
20,13,8,15375,211.22,0
20,13,9,15375,535.42,0
20,13,10,15375,717.17,0
20,13,11,15375,397.88,0
20,14,4,15375,1861.7,0
20,14,5,15375,3413.94,0
20,14,6,15375,3394.29,0
20,14,7,15375,1493.29,0
20,14,8,15375,2937.46,0
20,14,9,15375,903.83,0
20,14,10,15375,1085.58,0
20,14,11,15375,874.36,0
20,15,5,15375,3959.19,0
20,15,6,15375,3217.45,0
20,15,7,15375,2244.85,0
20,15,8,15375,3296.05,0
20,15,9,15375,4740.22,0
20,15,10,15375,2927.64,0
20,15,11,15375,1945.21,0
20,16,4,15375,4263.74,0
20,16,5,15375,2210.46,0
20,16,6,15375,3983.75,0
20,16,7,15375,5118.45,0
20,16,8,15375,6484.03,0
20,16,9,15375,5418.09,0
20,16,10,15375,2647.64,0
20,16,11,15375,3187.98,0
20,17,4,15375,3698.84,0
20,17,5,15375,2254.67,0
20,17,6,15375,3747.96,0
20,17,7,15375,4489.7,0
20,17,8,15375,751.56,0
20,17,9,15375,2760.62,0
20,17,10,15375,5806.15,0
20,18,3,15375,1355.75,0
20,18,4,15375,1606.27,0
20,18,5,15375,1891.17,0
20,18,6,15375,2652.56,0
20,18,7,15375,2343.09,0
20,18,8,15375,1193.65,0
20,18,9,15375,2146.61,0
20,18,10,15375,879.27,0
20,18,11,15375,1851.88,0
20,19,4,15375,432.27,0
20,19,5,15375,1910.82,0
20,19,6,15375,1488.38,0
20,19,7,15375,1119.97,0
20,19,8,15375,1247.68,0
20,19,9,15375,1277.16,0
20,19,10,15375,1282.07,0
20,19,11,15375,1675.04,0
20,20,6,15375,1606.27,0
20,20,7,15375,1198.56,0
20,20,8,15375,1871.53,0
20,20,9,15375,1901.0,0
20,20,10,15375,1635.74,0
20,20,11,15375,1468.73,0
21,12,3,15375,1380.31,0
21,12,4,15375,1355.75,0
21,12,5,15375,1306.63,0
21,12,6,15375,1311.54,0
21,12,7,15375,815.42,0
21,13,4,15375,2691.85,0
21,13,5,15375,2082.75,0
21,13,6,15375,1846.96,0
21,13,7,15375,1336.1,0
21,13,8,15375,388.06,0
21,13,9,15375,1110.14,0
21,13,10,15375,604.19,0
21,13,11,15375,540.34,0
21,14,4,15375,2868.69,0
21,14,5,15375,2598.52,0
21,14,6,15375,2225.2,0
21,14,7,15375,1326.28,0
21,14,8,15375,2392.21,0
21,14,9,15375,1154.35,0
21,14,10,15375,1174.0,0
21,14,11,15375,1488.38,0
21,15,5,15375,3802.0,0
21,15,6,15375,2952.2,0
21,15,7,15375,1434.35,0
21,15,8,15375,3639.9,0
21,15,9,15375,3531.83,0
21,15,10,15375,2018.89,0
21,15,11,15375,1306.63,0
21,16,4,15375,4150.76,0
21,16,5,15375,2795.01,0
21,16,6,15375,4342.33,0
21,16,7,15375,4794.25,0
21,16,8,15375,6361.22,0
21,16,9,15375,3178.15,0
21,16,10,15375,2180.99,0
21,16,11,15375,3266.57,0
21,17,4,15375,4204.79,0
21,17,5,15375,1881.35,0
21,17,6,15375,2677.12,0
21,17,7,15375,5005.47,0
21,17,8,15375,1571.88,0
21,17,9,15375,4533.91,0
21,17,10,15375,5236.34,0
21,18,3,15375,1370.49,0
21,18,4,15375,1129.79,0
21,18,5,15375,2745.89,0
21,18,6,15375,4042.69,0
21,18,7,15375,3536.74,0
21,18,8,15375,982.43,0
21,18,9,15375,2372.56,0
21,18,10,15375,1557.15,0
21,18,11,15375,2348.0,0
21,19,5,15375,1905.91,0
21,19,6,15375,1449.08,0
21,19,7,15375,697.52,0
21,19,8,15375,1149.44,0
21,19,9,15375,1223.12,0
21,19,10,15375,1061.02,0
21,19,11,15375,1178.91,0
21,20,7,15375,918.57,0
21,20,8,15375,1444.17,0
21,20,9,15375,1493.29,0
21,20,10,15375,2013.98,0
21,20,11,15375,1498.2,0
22,12,3,15375,1345.93,0
22,12,4,15375,923.48,0
22,13,4,15375,1719.25,0
22,13,5,15375,1753.63,0
22,13,6,15375,1581.71,0
22,13,7,15375,1286.98,0
22,13,8,15375,854.71,0
22,13,9,15375,2416.77,0
22,14,4,15375,5064.42,0
22,14,5,15375,1935.38,0
22,14,6,15375,1837.14,0
22,14,7,15375,1606.27,0
22,14,8,15375,1159.27,0
22,14,9,15375,1262.42,0
22,14,10,15375,1267.33,0
22,15,5,15375,3600.6,0
22,15,6,15375,2421.69,0
22,15,7,15375,2338.18,0
22,15,8,15375,3467.97,0
22,15,9,15375,4445.49,0
22,15,10,15375,1360.66,0
22,16,4,15375,3787.26,0
22,16,5,15375,2765.54,0
22,16,6,15375,3546.57,0
22,16,7,15375,2991.49,0
22,16,8,15375,5771.77,0
22,16,9,15375,1891.17,0
22,16,10,15375,2839.22,0
22,17,4,15375,3595.69,0
22,17,5,15375,1571.88,0
22,17,6,15375,3109.38,0
22,17,7,15375,3649.72,0
22,17,8,15375,2922.72,0
22,17,9,15375,4170.41,0
22,17,10,15375,3055.35,0
22,18,3,15375,1463.82,0
22,18,4,15375,623.84,0
22,18,5,15375,2937.46,0
22,18,6,15375,4794.25,0
22,18,7,15375,2431.51,0
22,18,8,15375,1154.35,0
22,18,9,15375,2912.9,0
22,18,10,15375,2239.94,0
22,19,5,15375,835.06,0
22,19,6,15375,1650.48,0
22,19,7,15375,525.6,0
22,19,8,15375,987.34,0
22,19,9,15375,1444.17,0
22,19,10,15375,1282.07,0
22,20,7,15375,928.39,0
22,20,8,15375,1203.47,0
22,20,9,15375,781.03,0
22,20,10,15375,1306.63,0
23,13,4,15375,1955.03,0
23,13,5,15375,2357.83,0
23,13,6,15375,1115.06,0
23,13,7,15375,972.6,0
23,14,4,15375,3944.45,0
23,14,5,15375,1733.99,0
23,14,6,15375,2529.75,0
23,14,7,15375,1768.37,0
23,14,8,15375,1021.73,0
23,14,9,15375,731.91,0
23,14,10,15375,618.93,0
23,14,11,15375,707.35,0
23,15,5,15375,3217.45,0
23,15,6,15375,2141.69,0
23,15,7,15375,2583.79,0
23,15,8,15375,3664.46,0
23,15,9,15375,3099.56,0
23,15,10,15375,1154.35,0
23,15,11,15375,486.3,0
23,16,4,15375,2406.95,0
23,16,5,15375,1974.68,0
23,16,6,15375,2593.61,0
23,16,7,15375,2559.23,0
23,16,8,15375,5737.38,0
23,16,9,15375,2657.47,0
23,16,10,15375,5128.27,0
23,16,11,15375,3821.65,0
23,17,4,15375,3693.93,0
23,17,5,15375,1778.19,0
23,17,6,15375,3001.32,0
23,17,7,15375,2254.67,0
23,17,8,15375,3212.54,0
23,17,9,15375,3580.95,0
23,17,10,15375,2736.06,0
23,18,4,15375,879.27,0
23,18,5,15375,3571.13,0
23,18,6,15375,4003.39,0
23,18,7,15375,1797.84,0
23,18,8,15375,1277.16,0
23,18,9,15375,1743.81,0
23,18,10,15375,2844.13,0
23,18,11,15375,3463.06,0
23,19,6,15375,889.1,0
23,19,7,15375,442.09,0
23,19,8,15375,736.82,0
23,19,9,15375,1699.6,0
23,19,10,15375,1395.05,0
23,19,11,15375,555.07,0
23,20,8,15375,1085.58,0
23,20,9,15375,712.26,0
23,20,10,15375,633.67,0
23,20,11,15375,1355.75,0
24,13,4,15375,1336.1,0
24,13,5,15375,1478.55,0
24,13,6,15375,903.83,0
24,13,7,15375,1124.88,0
24,14,4,15375,2264.5,0
24,14,5,15375,1901.0,0
24,14,6,15375,3369.73,0
24,14,7,15375,1562.06,0
24,14,8,15375,633.67,0
24,14,9,15375,564.9,0
24,14,10,15375,432.27,0
24,14,11,15375,540.34,0
24,15,5,15375,2907.99,0
24,15,6,15375,2308.71,0
24,15,7,15375,2578.87,0
24,15,8,15375,2721.33,0
24,15,9,15375,1694.69,0
24,15,10,15375,2225.2,0
24,15,11,15375,422.44,0
24,16,4,15375,1660.3,0
24,16,5,15375,1395.05,0
24,16,6,15375,1616.09,0
24,16,7,15375,2102.4,0
24,16,8,15375,5644.05,0
24,16,9,15375,1635.74,0
24,16,10,15375,4764.78,0
24,16,11,15375,4160.58,0
24,17,4,15375,3969.01,0
24,17,5,15375,1571.88,0
24,17,6,15375,3035.7,0
24,17,7,15375,2264.5,0
24,17,8,15375,2996.41,0
24,17,9,15375,2500.28,0
24,17,10,15375,2136.78,0
24,18,3,15375,948.04,0
24,18,4,15375,1159.27,0
24,18,5,15375,3576.04,0
24,18,6,15375,3428.67,0
24,18,7,15375,1198.56,0
24,18,8,15375,1959.94,0
24,18,9,15375,1350.84,0
24,18,10,15375,3065.18,0
24,18,11,15375,5123.36,0
24,19,5,15375,515.77,0
24,19,6,15375,952.96,0
24,19,7,15375,486.3,0
24,19,8,15375,668.05,0
24,19,9,15375,982.43,0
24,19,10,15375,2441.33,0
24,19,11,15375,997.16,0
24,20,7,15375,879.27,0
24,20,8,15375,810.5,0
24,20,9,15375,727.0,0
24,20,10,15375,564.9,0
24,20,11,15375,839.98,0
25,13,4,15375,1522.76,0
25,13,5,15375,1046.29,0
25,13,6,15375,540.34,0
25,14,4,15375,2397.12,0
25,14,5,15375,2456.07,0
25,14,6,15375,3777.44,0
25,14,7,15375,1232.95,0
25,14,8,15375,663.14,0
25,14,9,15375,456.83,0
25,14,10,15375,250.52,0
25,14,11,15375,275.08,0
25,15,5,15375,3561.3,0
25,15,6,15375,3207.63,0
25,15,7,15375,2382.39,0
25,15,8,15375,1807.67,0
25,15,9,15375,1404.87,0
25,15,10,15375,2018.89,0
25,15,11,15375,609.11,0
25,16,4,15375,1458.91,0
25,16,5,15375,1149.44,0
25,16,6,15375,1021.73,0
25,16,7,15375,2804.83,0
25,16,8,15375,4440.58,0
25,16,9,15375,1650.48,0
25,16,10,15375,1729.07,0
25,16,11,15375,2156.43,0
25,17,4,15375,6002.64,0
25,17,5,15375,2721.33,0
25,17,6,15375,3413.94,0
25,17,7,15375,1999.24,0
25,17,8,15375,2888.34,0
25,17,9,15375,1675.04,0
25,17,10,15375,1547.32,0
25,18,3,15375,1026.64,0
25,18,4,15375,1881.35,0
25,18,5,15375,2672.2,0
25,18,6,15375,2048.36,0
25,18,7,15375,1257.51,0
25,18,8,15375,2136.78,0
25,18,9,15375,2480.63,0
25,18,10,15375,3954.27,0
25,18,11,15375,4406.19,0
25,19,4,15375,559.98,0
25,19,5,15375,923.48,0
25,19,6,15375,687.7,0
25,19,7,15375,864.54,0
25,19,8,15375,505.95,0
25,19,9,15375,894.01,0
25,19,10,15375,2426.6,0
25,19,11,15375,1640.65,0
25,20,6,15375,1724.16,0
25,20,7,15375,1056.11,0
25,20,8,15375,943.13,0
25,20,9,15375,746.65,0
25,20,10,15375,530.51,0
25,20,11,15375,727.0,0
26,13,4,15375,1242.77,0
26,13,5,15375,987.34,0
26,13,6,15375,1065.93,0
26,13,7,15375,918.57,0
26,14,4,15375,2554.31,0
26,14,5,15375,2642.73,0
26,14,6,15375,5147.92,0
26,14,7,15375,1090.5,0
26,14,8,15375,707.35,0
26,14,9,15375,515.77,0
26,14,10,15375,240.69,0
26,14,11,15375,211.22,0
26,15,5,15375,3296.05,0
26,15,6,15375,3399.2,0
26,15,7,15375,1955.03,0
26,15,8,15375,1547.32,0
26,15,9,15375,1488.38,0
26,15,10,15375,2382.39,0
26,15,11,15375,746.65,0
26,16,4,15375,2352.92,0
26,16,5,15375,1655.39,0
26,16,6,15375,1198.56,0
26,16,7,15375,3242.01,0
26,16,8,15375,3806.91,0
26,16,9,15375,1866.61,0
26,16,10,15375,1208.39,0
26,16,11,15375,1242.77,0
26,17,4,15375,6150.0,0
26,17,5,15375,4637.06,0
26,17,6,15375,3227.28,0
26,17,7,15375,2559.23,0
26,17,8,15375,3463.06,0
26,17,9,15375,1149.44,0
26,17,10,15375,1616.09,0
26,18,3,15375,1547.32,0
26,18,4,15375,3207.63,0
26,18,5,15375,1886.26,0
26,18,6,15375,1512.94,0
26,18,7,15375,1365.58,0
26,18,8,15375,2289.06,0
26,18,9,15375,3541.65,0
26,18,10,15375,7024.36,0
26,18,11,15375,3040.62,0
26,19,3,15375,648.4,0
26,19,4,15375,785.94,0
26,19,5,15375,1512.94,0
26,19,6,15375,1036.46,0
26,19,7,15375,1625.92,0
26,19,8,15375,520.69,0
26,19,9,15375,1208.39,0
26,19,10,15375,2122.04,0
26,19,11,15375,2760.62,0
26,20,4,15375,1355.75,0
26,20,5,15375,2249.76,0
26,20,6,15375,1282.07,0
26,20,7,15375,1282.07,0
26,20,8,15375,1336.1,0
26,20,9,15375,1331.19,0
26,20,10,15375,437.18,0
26,20,11,15375,505.95,0
27,13,4,15375,1242.77,0
27,13,5,15375,741.73,0
27,13,6,15375,1056.11,0
27,13,7,15375,1164.18,0
27,13,8,15375,397.88,0
27,14,4,15375,2215.38,0
27,14,5,15375,1930.47,0
27,14,6,15375,4244.09,0
27,14,7,15375,1345.93,0
27,14,8,15375,849.8,0
27,14,9,15375,1046.29,0
27,14,10,15375,609.11,0
27,14,11,15375,314.38,0
27,15,5,15375,3797.08,0
27,15,6,15375,3620.25,0
27,15,7,15375,1783.11,0
27,15,8,15375,1537.5,0
27,15,9,15375,1856.79,0
27,15,10,15375,1763.46,0
27,15,11,15375,859.62,0
27,16,4,15375,3187.98,0
27,16,5,15375,2033.63,0
27,16,6,15375,1414.7,0
27,16,7,15375,3020.97,0
27,16,8,15375,4170.41,0
27,16,9,15375,2515.02,0
27,16,10,15375,1095.41,0
27,16,11,15375,368.41,0
27,17,4,15375,7044.01,0
27,17,5,15375,5319.85,0
27,17,6,15375,2829.39,0
27,17,7,15375,2313.62,0
27,17,8,15375,3016.05,0
27,17,9,15375,1110.14,0
27,17,10,15375,1753.63,0
27,18,3,15375,2790.1,0
27,18,4,15375,4283.39,0
27,18,5,15375,1262.42,0
27,18,6,15375,1552.24,0
27,18,7,15375,1149.44,0
27,18,8,15375,3079.91,0
27,18,9,15375,4558.47,0
27,18,10,15375,5781.59,0
27,18,11,15375,2284.15,0
27,19,3,15375,668.05,0
27,19,4,15375,1036.46,0
27,19,5,15375,2333.27,0
27,19,6,15375,1827.32,0
27,19,7,15375,2883.43,0
27,19,8,15375,677.88,0
27,19,9,15375,1488.38,0
27,19,10,15375,2048.36,0
27,19,11,15375,3905.15,0
27,20,3,15375,2023.8,0
27,20,4,15375,1277.16,0
27,20,5,15375,2190.81,0
27,20,6,15375,1075.76,0
27,20,7,15375,1935.38,0
27,20,8,15375,2470.81,0
27,20,9,15375,2082.75,0
27,20,10,15375,894.01,0
27,20,11,15375,604.19,0
27,21,5,15375,2667.29,0
28,12,3,15375,1242.77,0
28,13,4,15375,1802.76,0
28,13,5,15375,948.04,0
28,13,6,15375,1213.3,0
28,13,7,15375,2225.2,0
28,13,8,15375,486.3,0
28,13,9,15375,368.41,0
28,14,4,15375,1935.38,0
28,14,5,15375,2141.69,0
28,14,6,15375,3851.12,0
28,14,7,15375,1267.33,0
28,14,8,15375,1498.2,0
28,14,9,15375,1434.35,0
28,14,10,15375,1061.02,0
28,15,5,15375,3016.05,0
28,15,6,15375,3315.69,0
28,15,7,15375,1041.37,0
28,15,8,15375,1778.19,0
28,15,9,15375,1547.32,0
28,15,10,15375,1061.02,0
28,16,4,15375,3453.23,0
28,16,5,15375,3089.74,0
28,16,6,15375,1547.32,0
28,16,7,15375,3610.42,0
28,16,8,15375,5437.74,0
28,16,9,15375,2185.9,0
28,16,10,15375,707.35,0
28,17,4,15375,5855.27,0
28,17,5,15375,5447.56,0
28,17,6,15375,2726.24,0
28,17,7,15375,1743.81,0
28,17,8,15375,3212.54,0
28,17,9,15375,2023.8,0
28,17,10,15375,1758.55,0
28,18,3,15375,3310.78,0
28,18,4,15375,2952.2,0
28,18,5,15375,525.6,0
28,18,6,15375,1434.35,0
28,18,7,15375,1119.97,0
28,18,8,15375,3001.32,0
28,18,9,15375,5481.95,0
28,18,10,15375,7486.1,0
28,19,3,15375,1920.65,0
28,19,4,15375,2122.04,0
28,19,5,15375,2701.68,0
28,19,6,15375,1630.83,0
28,19,7,15375,3472.88,0
28,19,8,15375,618.93,0
28,19,9,15375,1635.74,0
28,19,10,15375,2239.94,0
28,20,3,15375,2058.19,0
28,20,4,15375,2411.86,0
28,20,5,15375,4175.32,0
28,20,6,15375,1105.23,0
28,20,7,15375,1316.45,0
28,20,8,15375,3325.52,0
28,20,9,15375,1812.58,0
28,20,10,15375,1650.48,0
28,21,4,15375,2436.42,0
28,21,5,15375,2981.67,0
29,12,3,15375,1679.95,0
29,13,4,15375,2077.84,0
29,13,5,15375,1100.32,0
29,13,6,15375,1419.61,0
29,13,7,15375,1714.34,0
29,13,8,15375,412.62,0
29,13,9,15375,162.1,0
29,14,4,15375,1350.84,0
29,14,5,15375,1630.83,0
29,14,6,15375,3379.55,0
29,14,7,15375,1827.32,0
29,14,8,15375,1670.13,0
29,14,9,15375,1964.86,0
29,14,10,15375,1719.25,0
29,15,5,15375,2200.64,0
29,15,6,15375,3168.33,0
29,15,7,15375,1228.04,0
29,15,8,15375,825.24,0
29,15,9,15375,1188.74,0
29,15,10,15375,913.66,0
29,16,4,15375,5668.61,0
29,16,5,15375,3988.66,0
29,16,6,15375,2028.71,0
29,16,7,15375,4042.69,0
29,16,8,15375,4666.53,0
29,16,9,15375,2023.8,0
29,16,10,15375,1375.4,0
29,17,4,15375,3035.7,0
29,17,5,15375,4612.5,0
29,17,6,15375,2745.89,0
29,17,7,15375,2868.69,0
29,17,8,15375,4926.88,0
29,17,9,15375,4003.39,0
29,17,10,15375,2608.35,0
29,18,3,15375,2583.79,0
29,18,4,15375,2387.3,0
29,18,5,15375,334.03,0
29,18,6,15375,1522.76,0
29,18,7,15375,2023.8,0
29,18,8,15375,2750.8,0
29,18,9,15375,3335.34,0
29,18,10,15375,9441.13,0
29,19,3,15375,2883.43,0
29,19,4,15375,3973.92,0
29,19,5,15375,2185.9,0
29,19,6,15375,1390.14,0
29,19,7,15375,2490.46,0
29,19,8,15375,353.67,0
29,19,9,15375,1709.42,0
29,19,10,15375,4081.99,0
29,20,3,15375,2284.15,0
29,20,4,15375,3860.94,0
29,20,5,15375,3566.21,0
29,20,6,15375,1414.7,0
29,20,7,15375,1930.47,0
29,20,8,15375,2593.61,0
29,20,9,15375,1100.32,0
29,20,10,15375,2249.76,0
29,21,4,15375,3286.22,0
29,21,5,15375,2903.08,0
30,13,4,15375,2392.21,0
30,13,5,15375,1247.68,0
30,13,7,15375,1896.09,0
30,13,8,15375,663.14,0
30,14,4,15375,1119.97,0
30,14,5,15375,2043.45,0
30,14,7,15375,1399.96,0
30,14,8,15375,1846.96,0
30,16,4,15375,6739.46,0
30,16,5,15375,4543.73,0
30,16,7,15375,3615.34,0
30,16,8,15375,2136.78,0
30,17,4,15375,2156.43,0
30,17,5,15375,4509.35,0
30,17,7,15375,5162.66,0
30,17,8,15375,6837.7,0
30,18,4,15375,1778.19,0
30,18,5,15375,402.8,0
30,18,7,15375,2308.71,0
30,18,8,15375,1247.68,0
30,19,4,15375,3099.56,0
30,19,5,15375,1571.88,0
30,19,7,15375,1409.78,0
30,19,8,15375,451.92,0
30,20,4,15375,2927.64,0
30,20,5,15375,3119.21,0
30,20,7,15375,1414.7,0
30,20,8,15375,1124.88,0
