6,12,4,15375,1815.62,0
6,12,5,15375,2244.03,0
6,12,6,15375,2366.43,0
6,12,7,15375,2978.44,0
6,13,4,15375,2509.23,0
6,13,5,15375,3570.05,0
6,13,6,15375,5671.27,0
6,13,7,15375,2849.24,0
6,15,5,15375,5868.48,0
6,15,6,15375,8778.91,0
6,15,7,15375,7779.3,0
6,16,4,15375,3128.04,0
6,16,5,15375,3168.84,0
6,16,6,15375,4352.06,0
6,16,7,15375,4814.46,0
6,17,4,15375,5236.07,0
6,17,5,15375,4392.86,0
6,17,6,15375,10404.14,0
6,17,7,15375,2665.63,0
7,10,5,15375,775.21,0
7,10,6,15375,1618.42,0
7,10,7,15375,693.61,0
7,10,9,15375,754.81,0
7,11,3,15375,1645.62,0
7,11,4,15375,2040.03,0
7,11,5,15375,1951.63,0
7,11,6,15375,1060.81,0
7,11,7,15375,2244.03,0
7,11,8,15375,727.61,0
7,11,9,15375,1047.21,0
7,12,3,15375,3039.64,0
7,12,4,15375,1985.63,0
7,12,5,15375,2658.83,0
7,12,6,15375,2556.83,0
7,12,7,15375,2665.63,0
7,12,8,15375,1224.02,0
7,12,9,15375,1020.01,0
7,13,4,15375,1421.22,0
7,13,5,15375,2978.44,0
7,13,6,15375,3570.05,0
7,13,7,15375,3774.05,0
7,13,8,15375,2230.43,0
7,13,9,15375,4046.05,0
7,14,4,15375,4086.85,0
7,14,5,15375,2937.64,0
7,14,6,15375,2237.23,0
7,14,7,15375,1604.82,0
7,14,8,15375,3345.64,0
7,14,9,15375,1564.02,0
7,15,5,15375,3570.05,0
7,15,6,15375,4834.86,0
7,15,7,15375,6303.68,0
7,15,8,15375,4739.66,0
7,15,9,15375,2747.24,0
7,16,4,15375,2903.64,0
7,16,5,15375,2985.24,0
7,16,6,15375,4420.06,0
7,16,7,15375,4651.26,0
7,16,8,15375,1788.42,0
7,16,9,15375,3508.85,0
7,17,4,15375,3950.85,0
7,17,5,15375,5712.07,0
7,17,6,15375,9275.32,0
7,17,7,15375,4188.85,0
7,17,8,15375,2468.43,0
7,17,9,15375,3882.85,0
7,18,3,15375,3644.85,0
7,18,4,15375,1285.22,0
7,18,5,15375,1992.43,0
7,18,6,15375,2536.43,0
7,18,7,15375,3651.65,0
7,18,8,15375,3685.65,0
7,18,9,15375,8921.72,0
8,10,5,15375,816.01,0
8,10,6,15375,1373.62,0
8,10,7,15375,870.41,0
8,10,9,15375,1360.02,0
8,11,3,15375,1876.82,0
8,11,4,15375,2441.23,0
8,11,5,15375,1768.02,0
8,11,6,15375,870.41,0
8,11,7,15375,1564.02,0
8,11,8,15375,1040.41,0
8,11,9,15375,768.41,0
8,11,10,15375,530.41,0
8,12,3,15375,2713.24,0
8,12,4,15375,3461.25,0
8,12,5,15375,2271.23,0
8,12,6,15375,4617.26,0
8,12,7,15375,2577.23,0
8,12,8,15375,1210.42,0
8,12,9,15375,741.21,0
8,12,10,15375,1747.62,0
8,13,4,15375,1380.42,0
8,13,5,15375,2407.23,0
8,13,6,15375,2216.83,0
8,13,7,15375,3454.44,0
8,13,8,15375,2584.03,0
8,13,9,15375,3957.65,0
8,13,10,15375,2720.04,0
8,14,4,15375,3005.64,0
8,14,5,15375,2366.43,0
8,14,6,15375,1468.82,0
8,14,7,15375,1822.42,0
8,14,8,15375,2828.84,0
8,14,9,15375,1727.22,0
8,14,10,15375,3162.04,0
8,15,5,15375,2543.23,0
8,15,6,15375,3481.65,0
8,15,7,15375,3957.65,0
8,15,8,15375,3250.44,0
8,15,9,15375,2910.44,0
8,15,10,15375,3284.44,0
8,16,4,15375,3155.24,0
8,16,5,15375,3461.25,0
8,16,6,15375,8629.31,0
8,16,7,15375,3780.85,0
8,16,8,15375,1380.42,0
8,16,9,15375,2420.83,0
8,16,10,15375,1693.22,0
8,17,4,15375,3570.05,0
8,17,5,15375,6514.48,0
8,17,6,15375,5338.07,0
8,17,7,15375,6092.88,0
8,17,8,15375,2638.43,0
8,17,9,15375,4834.86,0
8,17,10,15375,3821.65,0
8,18,3,15375,4630.86,0
8,18,4,15375,1455.22,0
8,18,5,15375,1754.42,0
8,18,6,15375,4311.26,0
8,18,7,15375,4195.65,0
8,18,8,15375,5093.27,0
8,18,9,15375,10465.34,0
8,18,10,15375,4753.26,0
8,19,3,15375,1196.82,0
8,19,4,15375,2074.03,0
8,19,5,15375,1224.02,0
8,19,6,15375,3876.05,0
8,19,7,15375,1081.21,0
8,19,8,15375,1428.02,0
8,19,9,15375,3454.44,0
8,19,10,15375,7969.7,0
9,10,5,15375,734.41,0
9,10,6,15375,1149.21,0
9,11,4,15375,2454.83,0
9,11,5,15375,2053.63,0
9,11,6,15375,992.81,0
9,11,7,15375,979.21,0
9,11,8,15375,809.21,0
9,11,9,15375,734.41,0
9,11,10,15375,768.41,0
9,11,11,15375,1183.22,0
9,12,4,15375,3338.84,0
9,12,5,15375,1400.82,0
9,12,6,15375,4059.65,0
9,12,7,15375,1808.82,0
9,12,8,15375,1094.81,0
9,12,9,15375,782.01,0
9,12,10,15375,1523.22,0
9,13,4,15375,1326.02,0
9,13,5,15375,2686.03,0
9,13,6,15375,1598.02,0
9,13,7,15375,3672.05,0
9,13,8,15375,1876.82,0
9,13,9,15375,2665.63,0
9,13,10,15375,2971.64,0
9,13,11,15375,945.21,0
9,14,4,15375,3345.64,0
9,14,5,15375,1876.82,0
9,14,6,15375,1897.22,0
9,14,7,15375,2597.63,0
9,14,8,15375,2774.44,0
9,14,9,15375,1938.03,0
9,14,10,15375,2291.63,0
9,14,11,15375,2114.83,0
9,15,5,15375,2454.83,0
9,15,6,15375,3508.85,0
9,15,7,15375,2645.23,0
9,15,8,15375,2964.84,0
9,15,9,15375,4841.66,0
9,15,10,15375,3774.05,0
9,15,11,15375,5038.87,0
9,16,4,15375,3746.85,0
9,16,5,15375,3440.84,0
9,16,6,15375,13620.58,0
9,16,7,15375,2740.44,0
9,16,8,15375,972.41,0
9,16,9,15375,3026.04,0
9,16,10,15375,2318.83,0
9,16,11,15375,2332.43,0
9,17,4,15375,4569.66,0
9,17,5,15375,6752.49,0
9,17,6,15375,4562.86,0
9,17,7,15375,7323.7,0
9,17,8,15375,3141.64,0
9,17,9,15375,6426.08,0
9,17,10,15375,4331.66,0
9,18,4,15375,1577.62,0
9,18,5,15375,2067.23,0
9,18,6,15375,4692.06,0
9,18,7,15375,4440.46,0
9,18,8,15375,5929.68,0
9,18,9,15375,8166.91,0
9,18,10,15375,5576.07,0
9,18,11,15375,2590.83,0
9,19,4,15375,1788.42,0
9,19,5,15375,1502.82,0
9,19,6,15375,2835.64,0
9,19,7,15375,1312.42,0
9,19,8,15375,1271.62,0
9,19,9,15375,3338.84,0
9,19,10,15375,6188.08,0
9,19,11,15375,6120.08,0
10,11,3,15375,1373.62,0
10,11,4,15375,1788.42,0
10,11,5,15375,1564.02,0
10,11,6,15375,1067.61,0
10,11,7,15375,1353.22,0
10,11,8,15375,802.41,0
10,11,9,15375,1251.22,0
10,12,3,15375,1897.22,0
10,12,4,15375,2556.83,0
10,12,5,15375,802.41,0
10,12,6,15375,2964.84,0
10,12,7,15375,2012.83,0
10,12,8,15375,1271.62,0
10,12,9,15375,904.41,0
10,12,10,15375,2026.43,0
10,13,4,15375,1740.82,0
10,13,5,15375,2876.44,0
10,13,6,15375,1468.82,0
10,13,7,15375,5535.27,0
10,13,8,15375,1373.62,0
10,13,9,15375,2033.23,0
10,13,10,15375,1822.42,0
10,13,11,15375,972.41,0
10,14,4,15375,1917.62,0
10,14,5,15375,1482.42,0
10,14,6,15375,1659.22,0
10,14,7,15375,2189.63,0
10,14,8,15375,2223.63,0
10,14,9,15375,2699.64,0
10,14,10,15375,2182.83,0
10,14,11,15375,3284.44,0
10,15,5,15375,2094.43,0
10,15,6,15375,2645.23,0
10,15,7,15375,3508.85,0
10,15,8,15375,3869.25,0
10,15,9,15375,5263.27,0
10,15,10,15375,6072.48,0
10,15,11,15375,4977.66,0
10,16,4,15375,3461.25,0
10,16,5,15375,4365.66,0
10,16,6,15375,11852.55,0
10,16,7,15375,3950.85,0
10,16,8,15375,1652.42,0
10,16,9,15375,5338.07,0
10,16,10,15375,3515.65,0
10,16,11,15375,1931.23,0
10,17,4,15375,2937.64,0
10,17,5,15375,4902.86,0
10,17,6,15375,5440.07,0
10,17,7,15375,5977.28,0
10,17,8,15375,2624.83,0
10,17,9,15375,9329.72,0
10,17,10,15375,4753.26,0
10,18,3,15375,4331.66,0
10,18,4,15375,1156.02,0
10,18,5,15375,4406.46,0
10,18,6,15375,4222.85,0
10,18,7,15375,4828.06,0
10,18,8,15375,6337.68,0
10,18,9,15375,7527.7,0
10,18,10,15375,4984.46,0
10,18,11,15375,2910.44,0
10,19,3,15375,1577.62,0
10,19,4,15375,1774.82,0
10,19,5,15375,1938.03,0
10,19,6,15375,3026.04,0
10,19,7,15375,1040.41,0
10,19,8,15375,965.61,0
10,19,9,15375,2210.03,0
10,19,10,15375,6181.28,0
10,19,11,15375,6398.88,0
10,20,3,15375,2930.84,0
10,20,4,15375,4311.26,0
10,20,5,15375,2223.63,0
10,20,6,15375,1700.02,0
10,20,7,15375,4093.65,0
10,20,8,15375,2828.84,0
10,20,9,15375,2142.03,0
10,20,10,15375,394.41,0
10,20,11,15375,571.21,0
11,11,3,15375,1652.42,0
11,11,4,15375,1734.02,0
11,11,5,15375,1081.21,0
11,11,6,15375,673.21,0
11,11,7,15375,1822.42,0
11,11,8,15375,720.81,0
11,12,3,15375,2339.23,0
11,12,4,15375,2903.64,0
11,12,5,15375,550.81,0
11,12,6,15375,1570.82,0
11,12,7,15375,1448.42,0
11,12,8,15375,1251.22,0
11,12,9,15375,890.81,0
11,12,10,15375,1618.42,0
11,13,4,15375,2869.64,0
11,13,5,15375,4018.85,0
11,13,6,15375,2067.23,0
11,13,7,15375,4664.86,0
11,13,8,15375,1842.82,0
11,13,9,15375,1557.22,0
11,13,10,15375,1026.81,0
11,13,11,15375,1645.62,0
11,14,4,15375,2244.03,0
11,14,5,15375,2080.83,0
11,14,6,15375,1781.62,0
11,14,7,15375,1972.03,0
11,14,8,15375,2509.23,0
11,14,9,15375,2815.24,0
11,14,10,15375,2529.63,0
11,14,11,15375,2026.43,0
11,15,5,15375,4365.66,0
11,15,6,15375,3039.64,0
11,15,7,15375,3332.04,0
11,15,8,15375,4066.45,0
11,15,9,15375,5270.07,0
11,15,10,15375,6602.89,0
11,15,11,15375,3223.24,0
11,16,4,15375,3617.65,0
11,16,5,15375,4991.26,0
11,16,6,15375,10716.94,0
11,16,7,15375,6738.89,0
11,16,8,15375,2380.03,0
11,16,9,15375,8751.71,0
11,16,10,15375,3903.25,0
11,16,11,15375,2359.63,0
11,17,4,15375,1870.02,0
11,17,5,15375,4678.46,0
11,17,6,15375,5106.87,0
11,17,7,15375,5134.07,0
11,17,8,15375,3209.64,0
11,17,9,15375,8738.11,0
11,17,10,15375,4372.46,0
11,18,3,15375,3468.05,0
11,18,4,15375,686.81,0
11,18,5,15375,3937.25,0
11,18,6,15375,3454.44,0
11,18,7,15375,3678.85,0
11,18,8,15375,6521.28,0
11,18,9,15375,6140.48,0
11,18,10,15375,3706.05,0
11,18,11,15375,3930.45,0
11,19,3,15375,1156.02,0
11,19,4,15375,2699.64,0
11,19,5,15375,2543.23,0
11,19,6,15375,1516.42,0
11,19,7,15375,863.61,0
11,19,8,15375,856.81,0
11,19,9,15375,1822.42,0
11,19,10,15375,5338.07,0
11,19,11,15375,4562.86,0
11,20,3,15375,2794.84,0
11,20,4,15375,2849.24,0
11,20,5,15375,992.81,0
11,20,6,15375,1074.41,0
11,20,7,15375,4481.26,0
11,20,8,15375,3128.04,0
11,20,9,15375,1788.42,0
11,20,10,15375,455.61,0
11,20,11,15375,421.61,0
12,11,3,15375,1020.01,0
12,11,4,15375,1230.82,0
12,11,5,15375,686.81,0
12,11,6,15375,564.41,0
12,11,7,15375,1747.62,0
12,11,8,15375,673.21,0
12,12,3,15375,2087.63,0
12,12,4,15375,3162.04,0
12,12,5,15375,360.4,0
12,12,6,15375,1489.22,0
12,12,7,15375,836.41,0
12,12,8,15375,945.21,0
12,12,9,15375,788.81,0
12,12,10,15375,958.81,0
12,13,4,15375,3957.65,0
12,13,5,15375,4596.86,0
12,13,6,15375,1693.22,0
12,13,7,15375,4059.65,0
12,13,8,15375,952.01,0
12,13,9,15375,1747.62,0
12,13,10,15375,666.41,0
12,13,11,15375,1101.61,0
12,14,4,15375,2992.04,0
12,14,5,15375,2944.44,0
12,14,6,15375,2352.83,0
12,14,7,15375,2312.03,0
12,14,8,15375,3699.25,0
12,14,9,15375,2658.83,0
12,14,10,15375,4508.46,0
12,14,11,15375,1278.42,0
12,15,5,15375,4841.66,0
12,15,6,15375,4549.26,0
12,15,7,15375,2930.84,0
12,15,8,15375,3950.85,0
12,15,9,15375,4902.86,0
12,15,10,15375,5508.07,0
12,15,11,15375,3617.65,0
12,16,4,15375,3740.05,0
12,16,5,15375,7493.7,0
12,16,6,15375,10574.14,0
12,16,7,15375,4358.86,0
12,16,8,15375,3209.64,0
12,16,9,15375,9962.13,0
12,16,10,15375,4868.86,0
12,16,11,15375,3848.85,0
12,17,4,15375,2067.23,0
12,17,5,15375,4379.26,0
12,17,6,15375,2992.04,0
12,17,7,15375,3332.04,0
12,17,8,15375,5018.47,0
12,17,9,15375,6725.29,0
12,17,10,15375,4114.05,0
12,18,3,15375,3189.24,0
12,18,4,15375,584.81,0
12,18,5,15375,1672.82,0
12,18,6,15375,2815.24,0
12,18,7,15375,2611.23,0
12,18,8,15375,4365.66,0
12,18,9,15375,3386.44,0
12,18,10,15375,4086.85,0
12,18,11,15375,5263.27,0
12,19,3,15375,1278.42,0
12,19,4,15375,1625.22,0
12,19,5,15375,1972.03,0
12,19,6,15375,1319.22,0
12,19,7,15375,550.81,0
12,19,8,15375,503.21,0
12,19,9,15375,992.81,0
12,19,10,15375,5807.28,0
12,19,11,15375,3311.64,0
12,20,4,15375,1842.82,0
12,20,5,15375,727.61,0
12,20,6,15375,1278.42,0
12,20,7,15375,1965.23,0
12,20,8,15375,3366.04,0
12,20,9,15375,1468.82,0
12,20,10,15375,482.81,0
12,20,11,15375,496.41,0
13,11,4,15375,986.01,0
13,11,5,15375,394.41,0
13,11,6,15375,598.41,0
13,11,7,15375,829.61,0
13,12,4,15375,4338.46,0
13,12,5,15375,380.8,0
13,12,6,15375,2074.03,0
13,12,7,15375,605.21,0
13,12,8,15375,550.81,0
13,12,9,15375,448.81,0
13,12,10,15375,625.61,0
13,13,4,15375,3971.25,0
13,13,5,15375,5582.87,0
13,13,6,15375,2040.03,0
13,13,7,15375,2257.63,0
13,13,8,15375,1407.62,0
13,13,9,15375,2441.23,0
13,13,10,15375,693.61,0
13,14,4,15375,2577.23,0
13,14,5,15375,3631.25,0
13,14,6,15375,2434.43,0
13,14,7,15375,2189.63,0
13,14,8,15375,3746.85,0
13,14,9,15375,2590.83,0
13,14,10,15375,5977.28,0
13,15,5,15375,5446.87,0
13,15,6,15375,4358.86,0
13,15,7,15375,2890.04,0
13,15,8,15375,4596.86,0
13,15,9,15375,2427.63,0
13,15,10,15375,5399.27,0
13,16,4,15375,4562.86,0
13,16,5,15375,10812.14,0
13,16,6,15375,5854.88,0
13,16,7,15375,3386.44,0
13,16,8,15375,3828.45,0
13,16,9,15375,7235.29,0
13,16,10,15375,5317.67,0
13,17,4,15375,2522.83,0
13,17,5,15375,4080.05,0
13,17,6,15375,3230.04,0
13,17,7,15375,2672.43,0
13,17,8,15375,7058.49,0
13,17,9,15375,6514.48,0
13,17,10,15375,4304.46,0
13,18,4,15375,496.41,0
13,18,5,15375,958.81,0
13,18,6,15375,2101.23,0
13,18,7,15375,2556.83,0
13,18,8,15375,2624.83,0
13,18,9,15375,2094.43,0
13,18,10,15375,3719.65,0
13,19,4,15375,2176.03,0
13,19,5,15375,1149.21,0
13,19,6,15375,1292.02,0
13,19,7,15375,394.41,0
13,19,8,15375,408.01,0
13,19,9,15375,782.01,0
13,19,10,15375,3236.84,0
13,20,5,15375,686.81,0
13,20,6,15375,1251.22,0
13,20,7,15375,2454.83,0
13,20,8,15375,2305.23,0
13,20,9,15375,1462.02,0
13,20,10,15375,938.41,0
14,11,5,15375,346.8,0
14,11,6,15375,612.01,0
14,12,5,15375,1060.81,0
14,12,6,15375,2842.44,0
14,12,7,15375,435.21,0
14,12,8,15375,442.01,0
14,12,9,15375,394.41,0
14,12,10,15375,340.0,0
14,13,5,15375,5011.67,0
14,13,6,15375,2257.63,0
14,13,7,15375,2427.63,0
14,13,8,15375,2346.03,0
14,13,9,15375,2148.83,0
14,13,10,15375,741.21,0
14,13,11,15375,612.01,0
14,14,5,15375,3196.04,0
14,14,6,15375,1638.82,0
14,14,7,15375,2237.23,0
14,14,8,15375,2441.23,0
14,14,9,15375,4168.45,0
14,14,10,15375,6738.89,0
14,14,11,15375,2318.83,0
14,15,5,15375,6419.28,0
14,15,6,15375,4753.26,0
14,15,7,15375,4025.65,0
14,15,8,15375,5406.07,0
14,15,9,15375,2352.83,0
14,15,10,15375,6344.48,0
14,15,11,15375,2298.43,0
14,16,5,15375,11077.34,0
14,16,6,15375,5623.67,0
14,16,7,15375,4209.25,0
14,16,8,15375,5181.67,0
14,16,9,15375,6902.09,0
14,16,10,15375,6534.89,0
14,16,11,15375,4814.46,0
14,17,5,15375,3597.25,0
14,17,6,15375,4488.06,0
14,17,7,15375,2652.03,0
14,17,8,15375,6929.29,0
14,17,9,15375,6303.68,0
14,17,10,15375,5412.87,0
14,18,5,15375,965.61,0
14,18,6,15375,2903.64,0
14,18,7,15375,3835.25,0
14,18,8,15375,3454.44,0
14,18,9,15375,2509.23,0
14,18,10,15375,2794.84,0
14,18,11,15375,4331.66,0
14,19,5,15375,911.21,0
14,19,6,15375,2291.63,0
14,19,7,15375,489.61,0
14,19,8,15375,618.81,0
14,19,9,15375,482.81,0
14,19,10,15375,1611.62,0
14,19,11,15375,3202.84,0
14,20,6,15375,1162.82,0
14,20,7,15375,2169.23,0
14,20,8,15375,1564.02,0
14,20,9,15375,1876.82,0
14,20,10,15375,1570.82,0
14,20,11,15375,1190.02,0
15,11,5,15375,278.8,0
15,11,6,15375,469.21,0
15,12,5,15375,1931.23,0
15,12,6,15375,3236.84,0
15,12,7,15375,428.41,0
15,12,8,15375,374.0,0
15,12,9,15375,476.01,0
15,12,10,15375,210.8,0
15,13,5,15375,4032.45,0
15,13,6,15375,2434.43,0
15,13,7,15375,2386.83,0
15,13,8,15375,2658.83,0
15,13,9,15375,1672.82,0
15,13,10,15375,768.41,0
15,13,11,15375,564.41,0
15,14,5,15375,2815.24,0
15,14,6,15375,2182.83,0
15,14,7,15375,2883.24,0
15,14,8,15375,2454.83,0
15,14,9,15375,2862.84,0
15,14,10,15375,5263.27,0
15,14,11,15375,3073.64,0
15,15,5,15375,4073.25,0
15,15,6,15375,4216.05,0
15,15,7,15375,10084.53,0
15,15,8,15375,6324.08,0
15,15,9,15375,3284.44,0
15,15,10,15375,3345.64,0
15,15,11,15375,2645.23,0
15,16,5,15375,11845.75,0
15,16,6,15375,6779.69,0
15,16,7,15375,4562.86,0
15,16,8,15375,5501.27,0
15,16,9,15375,9928.13,0
15,16,10,15375,11934.16,0
15,16,11,15375,5501.27,0
15,17,5,15375,2958.04,0
15,17,6,15375,6140.48,0
15,17,7,15375,2584.03,0
15,17,8,15375,6439.68,0
15,17,9,15375,7412.1,0
15,17,10,15375,6283.28,0
15,18,5,15375,945.21,0
15,18,6,15375,1978.83,0
15,18,7,15375,3991.65,0
15,18,8,15375,3549.65,0
15,18,9,15375,3386.44,0
15,18,10,15375,1666.02,0
15,18,11,15375,4120.85,0
15,19,5,15375,897.61,0
15,19,6,15375,2964.84,0
15,19,7,15375,986.01,0
15,19,8,15375,598.41,0
15,19,9,15375,652.81,0
15,19,10,15375,1808.82,0
15,19,11,15375,2305.23,0
15,20,7,15375,1761.22,0
15,20,8,15375,754.81,0
15,20,9,15375,2781.24,0
15,20,10,15375,3298.04,0
15,20,11,15375,1849.62,0
16,10,3,15375,639.21,0
16,11,3,15375,924.81,0
16,11,4,15375,489.61,0
16,11,5,15375,435.21,0
16,11,6,15375,469.21,0
16,12,3,15375,2924.04,0
16,12,4,15375,2189.63,0
16,12,5,15375,1978.83,0
16,12,6,15375,2658.83,0
16,12,7,15375,537.21,0
16,12,8,15375,367.2,0
16,12,9,15375,986.01,0
16,12,10,15375,170.0,0
16,13,4,15375,2964.84,0
16,13,5,15375,3087.24,0
16,13,6,15375,2495.63,0
16,13,7,15375,2155.63,0
16,13,8,15375,2067.23,0
16,13,9,15375,1285.22,0
16,13,10,15375,1142.41,0
16,13,11,15375,720.81,0
16,14,4,15375,6038.48,0
16,14,5,15375,3522.45,0
16,14,6,15375,2461.63,0
16,14,7,15375,2951.24,0
16,14,8,15375,2577.23,0
16,14,9,15375,2706.44,0
16,14,10,15375,4086.85,0
16,14,11,15375,3012.44,0
16,15,5,15375,2543.23,0
16,15,6,15375,6412.48,0
16,15,7,15375,11702.95,0
16,15,8,15375,7595.7,0
16,15,9,15375,4080.05,0
16,15,10,15375,2563.63,0
16,15,11,15375,3277.64,0
16,16,4,15375,2924.04,0
16,16,5,15375,9234.52,0
16,16,6,15375,6222.08,0
16,16,7,15375,6249.28,0
16,16,8,15375,7126.49,0
16,16,9,15375,10880.14,0
16,16,10,15375,12403.36,0
16,16,11,15375,6704.89,0
16,17,4,15375,3916.85,0
16,17,5,15375,3780.85,0
16,17,6,15375,5970.48,0
16,17,7,15375,2665.63,0
16,17,8,15375,6052.08,0
16,17,9,15375,6643.69,0
16,17,10,15375,5854.88,0
16,18,3,15375,1645.62,0
16,18,4,15375,1101.61,0
16,18,5,15375,1230.82,0
16,18,6,15375,1135.61,0
16,18,7,15375,3740.05,0
16,18,8,15375,3243.64,0
16,18,9,15375,3828.45,0
16,18,10,15375,1122.01,0
16,18,11,15375,3393.24,0
16,19,5,15375,897.61,0
16,19,6,15375,2604.43,0
16,19,7,15375,863.61,0
16,19,8,15375,1020.01,0
16,19,9,15375,911.21,0
16,19,10,15375,1530.02,0
16,19,11,15375,1924.43,0
16,20,7,15375,1700.02,0
16,20,8,15375,591.61,0
16,20,9,15375,5596.47,0
16,20,10,15375,4426.86,0
16,20,11,15375,2781.24,0
17,10,3,15375,537.21,0
17,11,3,15375,945.21,0
17,11,4,15375,516.81,0
17,11,5,15375,442.01,0
17,11,6,15375,319.6,0
17,12,3,15375,3162.04,0
17,12,4,15375,1502.82,0
17,12,5,15375,1060.81,0
17,12,6,15375,1720.42,0
17,12,7,15375,557.61,0
17,12,8,15375,394.41,0
17,12,9,15375,836.41,0
17,12,10,15375,197.2,0
17,13,4,15375,3542.85,0
17,13,5,15375,2747.24,0
17,13,6,15375,2169.23,0
17,13,7,15375,1237.62,0
17,13,8,15375,1305.62,0
17,13,9,15375,1196.82,0
17,13,10,15375,999.61,0
17,13,11,15375,1006.41,0
17,14,4,15375,4957.26,0
17,14,5,15375,5725.67,0
17,14,6,15375,3216.44,0
17,14,7,15375,2522.83,0
17,14,8,15375,3128.04,0
17,14,9,15375,2203.23,0
17,14,10,15375,3216.44,0
17,14,11,15375,1802.02,0
17,15,5,15375,2482.03,0
17,15,6,15375,9452.12,0
17,15,7,15375,8207.71,0
17,15,8,15375,8479.71,0
17,15,9,15375,4474.46,0
17,15,10,15375,1462.02,0
17,15,11,15375,3073.64,0
17,16,4,15375,2849.24,0
17,16,5,15375,4379.26,0
17,16,6,15375,5494.47,0
17,16,7,15375,7969.7,0
17,16,8,15375,7140.09,0
17,16,9,15375,9241.32,0
17,16,10,15375,13028.97,0
17,16,11,15375,5841.28,0
17,17,4,15375,4188.85,0
17,17,5,15375,4175.25,0
17,17,6,15375,6725.29,0
17,17,7,15375,3128.04,0
17,17,8,15375,5229.27,0
17,17,9,15375,5752.87,0
17,17,10,15375,5746.07,0
17,18,3,15375,1978.83,0
17,18,4,15375,938.41,0
17,18,5,15375,1326.02,0
17,18,6,15375,931.61,0
17,18,7,15375,3012.44,0
17,18,8,15375,2828.84,0
17,18,9,15375,3488.45,0
17,18,10,15375,1489.22,0
17,18,11,15375,3019.24,0
18,10,3,15375,734.41,0
18,11,3,15375,1312.42,0
18,11,4,15375,510.01,0
18,11,5,15375,530.41,0
18,11,6,15375,156.4,0
18,12,3,15375,1836.02,0
18,12,4,15375,1156.02,0
18,12,5,15375,727.61,0
18,12,6,15375,972.41,0
18,12,7,15375,530.41,0
18,12,8,15375,557.61,0
18,12,9,15375,476.01,0
18,12,10,15375,170.0,0
18,13,4,15375,3971.25,0
18,13,5,15375,2563.63,0
18,13,6,15375,1591.22,0
18,13,7,15375,1094.81,0
18,13,8,15375,734.41,0
18,13,9,15375,1686.42,0
18,13,10,15375,1074.41,0
18,13,11,15375,911.21,0
18,14,4,15375,4256.86,0
18,14,5,15375,6528.08,0
18,14,6,15375,4005.25,0
18,14,7,15375,4556.06,0
18,14,8,15375,2264.43,0
18,14,9,15375,1720.42,0
18,14,10,15375,1638.82,0
18,14,11,15375,1706.82,0
18,15,5,15375,4209.25,0
18,15,6,15375,7799.7,0
18,15,7,15375,5834.48,0
18,15,8,15375,9900.93,0
18,15,9,15375,7282.89,0
18,15,10,15375,2318.83,0
18,15,11,15375,2393.63,0
18,16,4,15375,3774.05,0
18,16,5,15375,2522.83,0
18,16,6,15375,6568.89,0
18,16,7,15375,7561.7,0
18,16,8,15375,8030.9,0
18,16,9,15375,7854.1,0
18,16,10,15375,6249.28,0
18,16,11,15375,5297.27,0
18,17,4,15375,3515.65,0
18,17,5,15375,2883.24,0
18,17,6,15375,8180.51,0
18,17,7,15375,2658.83,0
18,17,8,15375,3889.65,0
18,17,9,15375,5242.87,0
18,17,10,15375,4596.86,0
18,18,3,15375,1863.22,0
18,18,4,15375,918.01,0
18,18,5,15375,1434.82,0
18,18,6,15375,1373.62,0
18,18,7,15375,3134.84,0
18,18,8,15375,2094.43,0
18,18,9,15375,2325.63,0
18,18,10,15375,1251.22,0
18,18,11,15375,2944.44,0
18,19,5,15375,2917.24,0
18,19,6,15375,4562.86,0
18,19,7,15375,1489.22,0
18,19,8,15375,2169.23,0
18,19,9,15375,890.81,0
18,19,10,15375,1475.62,0
18,19,11,15375,1883.62,0
19,11,3,15375,1400.82,0
19,11,4,15375,571.21,0
19,11,5,15375,564.41,0
19,11,6,15375,176.8,0
19,12,3,15375,1394.02,0
19,12,4,15375,897.61,0
19,12,5,15375,537.21,0
19,12,6,15375,856.81,0
19,12,7,15375,652.81,0
19,12,8,15375,734.41,0
19,12,9,15375,333.2,0
19,13,4,15375,2767.64,0
19,13,5,15375,3481.65,0
19,13,6,15375,1747.62,0
19,13,7,15375,482.81,0
19,13,8,15375,618.81,0
19,13,9,15375,1992.43,0
19,13,10,15375,714.01,0
19,13,11,15375,571.21,0
19,14,4,15375,3338.84,0
19,14,5,15375,4658.06,0
19,14,6,15375,3835.25,0
19,14,7,15375,7031.29,0
19,14,8,15375,2754.04,0
19,14,9,15375,1536.82,0
19,14,10,15375,877.21,0
19,14,11,15375,2196.43,0
19,15,5,15375,6772.89,0
19,15,6,15375,6052.08,0
19,15,7,15375,3209.64,0
19,15,8,15375,9996.13,0
19,15,9,15375,7724.9,0
19,15,10,15375,3604.05,0
19,15,11,15375,2516.03,0
19,16,4,15375,4556.06,0
19,16,5,15375,2169.23,0
19,16,6,15375,7595.7,0
19,16,7,15375,8472.91,0
19,16,8,15375,7133.29,0
19,16,9,15375,7242.09,0
19,16,10,15375,2733.64,0
19,16,11,15375,5263.27,0
19,17,4,15375,2978.44,0
19,17,5,15375,2366.43,0
19,17,6,15375,5820.88,0
19,17,7,15375,2998.84,0
19,17,8,15375,2101.23,0
19,17,9,15375,5739.27,0
19,17,10,15375,4671.66,0
19,18,3,15375,2366.43,0
19,18,4,15375,1312.42,0
19,18,5,15375,2624.83,0
19,18,6,15375,2420.83,0
19,18,7,15375,2482.03,0
19,18,8,15375,1183.22,0
19,18,9,15375,1795.22,0
19,18,10,15375,1836.02,0
19,18,11,15375,3039.64,0
19,19,4,15375,965.61,0
19,19,5,15375,2672.43,0
19,19,6,15375,4590.06,0
19,19,7,15375,1876.82,0
19,19,8,15375,2713.24,0
19,19,9,15375,1040.41,0
19,19,10,15375,1190.02,0
19,19,11,15375,1577.62,0
19,20,6,15375,1312.42,0
19,20,7,15375,3944.05,0
19,20,8,15375,2774.44,0
19,20,9,15375,2400.43,0
19,20,10,15375,3597.25,0
19,20,11,15375,2563.63,0
20,11,3,15375,1122.01,0
20,11,4,15375,877.21,0
20,12,3,15375,1135.61,0
20,12,4,15375,782.01,0
20,12,5,15375,816.01,0
20,12,6,15375,1128.81,0
20,12,7,15375,1013.21,0
20,12,8,15375,448.81,0
20,12,9,15375,564.41,0
20,13,4,15375,3196.04,0
20,13,5,15375,5140.87,0
20,13,6,15375,1407.62,0
20,13,7,15375,639.21,0
20,13,8,15375,693.61,0
20,13,9,15375,918.01,0
20,13,10,15375,897.61,0
20,13,11,15375,571.21,0
20,14,4,15375,2577.23,0
20,14,5,15375,4052.85,0
20,14,6,15375,4712.46,0
20,14,7,15375,4800.86,0
20,14,8,15375,4535.66,0
20,14,9,15375,1693.22,0
20,14,10,15375,1312.42,0
20,14,11,15375,1802.02,0
20,15,5,15375,8432.11,0
20,15,6,15375,6908.89,0
20,15,7,15375,2332.43,0
20,15,8,15375,7820.1,0
20,15,9,15375,6936.09,0
20,15,10,15375,2584.03,0
20,15,11,15375,2502.43,0
20,16,4,15375,5100.07,0
20,16,5,15375,3359.24,0
20,16,6,15375,8561.31,0
20,16,7,15375,5997.68,0
20,16,8,15375,8670.11,0
20,16,9,15375,5480.87,0
20,16,10,15375,3400.04,0
20,16,11,15375,6500.88,0
20,17,4,15375,3264.04,0
20,17,5,15375,2053.63,0
20,17,6,15375,4651.26,0
20,17,7,15375,3903.25,0
20,17,8,15375,1285.22,0
20,17,9,15375,8758.51,0
20,17,10,15375,6140.48,0
20,18,3,15375,2346.03,0
20,18,4,15375,1400.82,0
20,18,5,15375,3903.25,0
20,18,6,15375,4746.46,0
20,18,7,15375,2488.83,0
20,18,8,15375,1020.01,0
20,18,9,15375,1271.62,0
20,18,10,15375,1822.42,0
20,18,11,15375,2808.44,0
20,19,4,15375,870.41,0
20,19,5,15375,1849.62,0
20,19,6,15375,3277.64,0
20,19,7,15375,2414.03,0
20,19,8,15375,2645.23,0
20,19,9,15375,1713.62,0
20,19,10,15375,1366.82,0
20,19,11,15375,1638.82,0
20,20,6,15375,1604.82,0
20,20,7,15375,3284.44,0
20,20,8,15375,2536.43,0
20,20,9,15375,2210.03,0
20,20,10,15375,3502.05,0
20,20,11,15375,2291.63,0
21,12,3,15375,945.21,0
21,12,4,15375,992.81,0
21,12,5,15375,1747.62,0
21,12,6,15375,918.01,0
21,12,7,15375,965.61,0
21,13,4,15375,4528.86,0
21,13,5,15375,4467.66,0
21,13,6,15375,1421.22,0
21,13,7,15375,1094.81,0
21,13,8,15375,673.21,0
21,13,9,15375,802.41,0
21,13,10,15375,1162.82,0
21,13,11,15375,605.21,0
21,14,4,15375,3182.44,0
21,14,5,15375,4386.06,0
21,14,6,15375,3923.65,0
21,14,7,15375,2645.23,0
21,14,8,15375,3876.05,0
21,14,9,15375,1686.42,0
21,14,10,15375,1142.41,0
21,14,11,15375,1815.62,0
21,15,5,15375,5970.48,0
21,15,6,15375,6011.28,0
21,15,7,15375,2924.04,0
21,15,8,15375,5263.27,0
21,15,9,15375,5426.47,0
21,15,10,15375,1387.22,0
21,15,11,15375,3978.05,0
21,16,4,15375,4256.86,0
21,16,5,15375,4481.26,0
21,16,6,15375,8336.91,0
21,16,7,15375,4522.06,0
21,16,8,15375,7065.29,0
21,16,9,15375,6820.49,0
21,16,10,15375,4746.46,0
21,16,11,15375,7310.1,0
21,17,4,15375,4678.46,0
21,17,5,15375,2801.64,0
21,17,6,15375,4678.46,0
21,17,7,15375,3998.45,0
21,17,8,15375,686.81,0
21,17,9,15375,9377.32,0
21,17,10,15375,5698.47,0
21,18,3,15375,2760.84,0
21,18,4,15375,2461.63,0
21,18,5,15375,3019.24,0
21,18,6,15375,5304.07,0
21,18,7,15375,3774.05,0
21,18,8,15375,2250.83,0
21,18,9,15375,1638.82,0
21,18,10,15375,1169.62,0
21,18,11,15375,2978.44,0
21,19,5,15375,1332.82,0
21,19,6,15375,3100.84,0
21,19,7,15375,2216.83,0
21,19,8,15375,1666.02,0
21,19,9,15375,1713.62,0
21,19,10,15375,1414.42,0
21,19,11,15375,1319.22,0
21,20,7,15375,1788.42,0
21,20,8,15375,1978.83,0
21,20,9,15375,2278.03,0
21,20,10,15375,3590.45,0
21,20,11,15375,1802.02,0
22,12,3,15375,632.41,0
22,12,4,15375,1543.62,0
22,13,4,15375,2924.04,0
22,13,5,15375,4032.45,0
22,13,6,15375,945.21,0
22,13,7,15375,1264.82,0
22,13,8,15375,918.01,0
22,13,9,15375,537.21,0
22,14,4,15375,4318.06,0
22,14,5,15375,4039.25,0
22,14,6,15375,3073.64,0
22,14,7,15375,2196.43,0
22,14,8,15375,2359.63,0
22,14,9,15375,1550.42,0
22,14,10,15375,931.61,0
22,15,5,15375,4488.06,0
22,15,6,15375,4277.26,0
22,15,7,15375,2856.04,0
22,15,8,15375,4664.86,0
22,15,9,15375,3638.05,0
22,15,10,15375,1196.82,0
22,16,4,15375,4556.06,0
22,16,5,15375,3236.84,0
22,16,6,15375,10526.54,0
22,16,7,15375,2815.24,0
22,16,8,15375,3114.44,0
22,16,9,15375,5841.28,0
22,16,10,15375,4243.26,0
22,17,4,15375,4195.65,0
22,17,5,15375,3549.65,0
22,17,6,15375,4760.06,0
22,17,7,15375,4406.46,0
22,17,8,15375,1128.81,0
22,17,9,15375,12267.36,0
22,17,10,15375,4739.66,0
22,18,3,15375,4440.46,0
22,18,4,15375,3080.44,0
22,18,5,15375,1808.82,0
22,18,6,15375,3998.45,0
22,18,7,15375,3209.64,0
22,18,8,15375,1666.02,0
22,18,9,15375,2012.83,0
22,18,10,15375,2359.63,0
22,19,5,15375,612.01,0
22,19,6,15375,2108.03,0
22,19,7,15375,1795.22,0
22,19,8,15375,999.61,0
22,19,9,15375,1142.41,0
22,19,10,15375,1142.41,0
22,20,7,15375,1101.61,0
22,20,8,15375,1604.82,0
22,20,9,15375,2040.03,0
22,20,10,15375,2638.43,0
23,13,4,15375,1292.02,0
23,13,5,15375,2658.83,0
23,13,6,15375,1094.81,0
23,13,7,15375,1441.62,0
23,14,4,15375,4399.66,0
23,14,5,15375,3447.64,0
23,14,6,15375,2550.03,0
23,14,7,15375,1802.02,0
23,14,8,15375,1584.42,0
23,14,9,15375,1808.82,0
23,14,10,15375,856.81,0
23,14,11,15375,965.61,0
23,15,5,15375,6058.88,0
23,15,6,15375,3957.65,0
23,15,7,15375,3964.45,0
23,15,8,15375,4562.86,0
23,15,9,15375,3162.04,0
23,15,10,15375,1122.01,0
23,15,11,15375,1938.03,0
23,16,4,15375,7051.69,0
23,16,5,15375,4134.45,0
23,16,6,15375,7888.1,0
23,16,7,15375,1856.42,0
23,16,8,15375,2828.84,0
23,16,9,15375,6398.88,0
23,16,10,15375,2216.83,0
23,16,11,15375,2958.04,0
23,17,4,15375,5317.67,0
23,17,5,15375,3148.44,0
23,17,6,15375,4556.06,0
23,17,7,15375,4467.66,0
23,17,8,15375,1455.22,0
23,17,9,15375,11743.75,0
23,17,10,15375,4440.46,0
23,18,4,15375,4590.06,0
23,18,5,15375,2645.23,0
23,18,6,15375,3454.44,0
23,18,7,15375,2060.43,0
23,18,8,15375,1502.82,0
23,18,9,15375,2121.63,0
23,18,10,15375,5582.87,0
23,18,11,15375,3638.05,0
23,19,6,15375,1203.62,0
23,19,7,15375,1638.82,0
23,19,8,15375,1169.62,0
23,19,9,15375,979.21,0
23,19,10,15375,1727.22,0
23,19,11,15375,1176.42,0
23,20,8,15375,2026.43,0
23,20,9,15375,1951.63,0
23,20,10,15375,904.41,0
23,20,11,15375,530.41,0
24,13,4,15375,1067.61,0
24,13,5,15375,1557.22,0
24,13,6,15375,1094.81,0
24,13,7,15375,1271.62,0
24,14,4,15375,4005.25,0
24,14,5,15375,2237.23,0
24,14,6,15375,2244.03,0
24,14,7,15375,1462.02,0
24,14,8,15375,1319.22,0
24,14,9,15375,1251.22,0
24,14,10,15375,455.61,0
24,14,11,15375,394.41,0
24,15,5,15375,6099.68,0
24,15,6,15375,3325.24,0
24,15,7,15375,3148.44,0
24,15,8,15375,3005.64,0
24,15,9,15375,2699.64,0
24,15,10,15375,1122.01,0
24,15,11,15375,1244.42,0
24,16,4,15375,8098.91,0
24,16,5,15375,3978.05,0
24,16,6,15375,5875.28,0
24,16,7,15375,2400.43,0
24,16,8,15375,2733.64,0
24,16,9,15375,6874.89,0
24,16,10,15375,3740.05,0
24,16,11,15375,3617.65,0
24,17,4,15375,5032.07,0
24,17,5,15375,3978.05,0
24,17,6,15375,3128.04,0
24,17,7,15375,5222.47,0
24,17,8,15375,2366.43,0
24,17,9,15375,5766.48,0
24,17,10,15375,4685.26,0
24,18,3,15375,3209.64,0
24,18,4,15375,3944.05,0
24,18,5,15375,2162.43,0
24,18,6,15375,2475.23,0
24,18,7,15375,3128.04,0
24,18,8,15375,1774.82,0
24,18,9,15375,3366.04,0
24,18,10,15375,9057.72,0
24,18,11,15375,4467.66,0
24,19,5,15375,924.81,0
24,19,6,15375,714.01,0
24,19,7,15375,1638.82,0
24,19,8,15375,1142.41,0
24,19,9,15375,1081.21,0
24,19,10,15375,2488.83,0
24,19,11,15375,1332.82,0
24,20,7,15375,1448.42,0
24,20,8,15375,1570.82,0
24,20,9,15375,2420.83,0
24,20,10,15375,578.01,0
24,20,11,15375,482.81,0
25,13,4,15375,1040.41,0
25,13,5,15375,1496.02,0
25,13,6,15375,1278.42,0
25,14,4,15375,4331.66,0
25,14,5,15375,1958.43,0
25,14,6,15375,2264.43,0
25,14,7,15375,952.01,0
25,14,8,15375,850.01,0
25,14,9,15375,768.41,0
25,14,10,15375,346.8,0
25,14,11,15375,190.4,0
25,15,5,15375,6507.68,0
25,15,6,15375,3250.44,0
25,15,7,15375,2597.63,0
25,15,8,15375,3855.65,0
25,15,9,15375,2638.43,0
25,15,10,15375,1360.02,0
25,15,11,15375,843.21,0
25,16,4,15375,6854.49,0
25,16,5,15375,4290.86,0
25,16,6,15375,2978.44,0
25,16,7,15375,4018.85,0
25,16,8,15375,2203.23,0
25,16,9,15375,5984.08,0
25,16,10,15375,2461.63,0
25,16,11,15375,3236.84,0
25,17,4,15375,4331.66,0
25,17,5,15375,6800.09,0
25,17,6,15375,4250.06,0
25,17,7,15375,5501.27,0
25,17,8,15375,3440.84,0
25,17,9,15375,3345.64,0
25,17,10,15375,5222.47,0
25,18,3,15375,3209.64,0
25,18,4,15375,2658.83,0
25,18,5,15375,2250.83,0
25,18,6,15375,2216.83,0
25,18,7,15375,3835.25,0
25,18,8,15375,2312.03,0
25,18,9,15375,4773.66,0
25,18,10,15375,10798.54,0
25,18,11,15375,6181.28,0
25,19,4,15375,578.01,0
25,19,5,15375,1890.42,0
25,19,6,15375,999.61,0
25,19,7,15375,1013.21,0
25,19,8,15375,693.61,0
25,19,9,15375,1088.01,0
25,19,10,15375,3141.64,0
25,19,11,15375,2346.03,0
25,20,6,15375,1666.02,0
25,20,7,15375,2645.23,0
25,20,8,15375,1149.21,0
25,20,9,15375,2182.83,0
25,20,10,15375,380.8,0
25,20,11,15375,455.61,0
26,13,4,15375,870.41,0
26,13,5,15375,1339.62,0
26,13,6,15375,1502.82,0
26,13,7,15375,680.01,0
26,14,4,15375,3583.65,0
26,14,5,15375,3100.84,0
26,14,6,15375,2590.83,0
26,14,7,15375,693.61,0
26,14,8,15375,727.61,0
26,14,9,15375,884.01,0
26,14,10,15375,346.8,0
26,14,11,15375,156.4,0
26,15,5,15375,4746.46,0
26,15,6,15375,3672.05,0
26,15,7,15375,2101.23,0
26,15,8,15375,3488.45,0
26,15,9,15375,1441.62,0
26,15,10,15375,1176.42,0
26,15,11,15375,734.41,0
26,16,4,15375,7514.1,0
26,16,5,15375,3325.24,0
26,16,6,15375,2611.23,0
26,16,7,15375,5922.88,0
26,16,8,15375,2917.24,0
26,16,9,15375,4175.25,0
26,16,10,15375,2856.04,0
26,16,11,15375,1298.82,0
26,17,4,15375,4100.45,0
26,17,5,15375,7860.9,0
26,17,6,15375,4998.07,0
26,17,7,15375,4331.66,0
26,17,8,15375,4760.06,0
26,17,9,15375,2448.03,0
26,17,10,15375,4080.05,0
26,18,3,15375,2420.83,0
26,18,4,15375,1856.42,0
26,18,5,15375,1992.43,0
26,18,6,15375,1672.82,0
26,18,7,15375,6874.89,0
26,18,8,15375,3121.24,0
26,18,9,15375,6677.69,0
26,18,10,15375,5644.07,0
26,18,11,15375,6908.89,0
26,19,3,15375,1366.82,0
26,19,4,15375,1101.61,0
26,19,5,15375,2590.83,0
26,19,6,15375,1604.82,0
26,19,7,15375,850.01,0
26,19,8,15375,816.01,0
26,19,9,15375,1156.02,0
26,19,10,15375,4590.06,0
26,19,11,15375,3631.25,0
26,20,4,15375,3107.64,0
26,20,5,15375,2284.83,0
26,20,6,15375,1142.41,0
26,20,7,15375,3651.65,0
26,20,8,15375,1625.22,0
26,20,9,15375,2645.23,0
26,20,10,15375,530.41,0
26,20,11,15375,639.21,0
27,13,4,15375,1047.21,0
27,13,5,15375,1502.82,0
27,13,6,15375,1217.22,0
27,13,7,15375,1176.42,0
27,13,8,15375,584.81,0
27,14,4,15375,2638.43,0
27,14,5,15375,3522.45,0
27,14,6,15375,2284.83,0
27,14,7,15375,1482.42,0
27,14,8,15375,884.01,0
27,14,9,15375,1332.82,0
27,14,10,15375,945.21,0
27,14,11,15375,176.8,0
27,15,5,15375,4426.86,0
27,15,6,15375,3352.44,0
27,15,7,15375,1530.02,0
27,15,8,15375,1931.23,0
27,15,9,15375,816.01,0
27,15,10,15375,1149.21,0
27,15,11,15375,924.81,0
27,16,4,15375,7106.09,0
27,16,5,15375,2414.03,0
27,16,6,15375,1863.22,0
27,16,7,15375,3345.64,0
27,16,8,15375,2835.64,0
27,16,9,15375,3060.04,0
27,16,10,15375,2720.04,0
27,16,11,15375,931.61,0
27,17,4,15375,4766.86,0
27,17,5,15375,8003.7,0
27,17,6,15375,4460.86,0
27,17,7,15375,5249.67,0
27,17,8,15375,5718.87,0
27,17,9,15375,2978.44,0
27,17,10,15375,4025.65,0
27,18,3,15375,2985.24,0
27,18,4,15375,1666.02,0
27,18,5,15375,1530.02,0
27,18,6,15375,1496.02,0
27,18,7,15375,5453.67,0
27,18,8,15375,3502.05,0
27,18,9,15375,7024.49,0
27,18,10,15375,4739.66,0
27,18,11,15375,4379.26,0
27,19,3,15375,1557.22,0
27,19,4,15375,2108.03,0
27,19,5,15375,6541.69,0
27,19,6,15375,1455.22,0
27,19,7,15375,1672.82,0
27,19,8,15375,1217.22,0
27,19,9,15375,1230.82,0
27,19,10,15375,5290.47,0
27,19,11,15375,2468.43,0
27,20,3,15375,3019.24,0
27,20,4,15375,2563.63,0
27,20,5,15375,2584.03,0
27,20,6,15375,1162.82,0
27,20,7,15375,4052.85,0
27,20,8,15375,2522.83,0
27,20,9,15375,2686.03,0
27,20,10,15375,1244.42,0
27,20,11,15375,686.81,0
27,21,5,15375,1836.02,0
28,12,3,15375,754.81,0
28,13,4,15375,1298.82,0
28,13,5,15375,1251.22,0
28,13,6,15375,829.61,0
28,13,7,15375,1978.83,0
28,13,8,15375,489.61,0
28,13,9,15375,340.0,0
28,14,4,15375,2536.43,0
28,14,5,15375,3862.45,0
28,14,6,15375,2155.63,0
28,14,7,15375,1910.82,0
28,14,8,15375,714.01,0
28,14,9,15375,1706.82,0
28,14,10,15375,1285.22,0
28,15,5,15375,3794.45,0
28,15,6,15375,2808.44,0
28,15,7,15375,1734.02,0
28,15,8,15375,1489.22,0
28,15,9,15375,863.61,0
28,15,10,15375,938.41,0
28,16,4,15375,6079.28,0
28,16,5,15375,3712.85,0
28,16,6,15375,3502.05,0
28,16,7,15375,2162.43,0
28,16,8,15375,2733.64,0
28,16,9,15375,1679.62,0
28,16,10,15375,1876.82,0
28,17,4,15375,5195.27,0
28,17,5,15375,7024.49,0
28,17,6,15375,5902.48,0
28,17,7,15375,5399.27,0
28,17,8,15375,6691.29,0
28,17,9,15375,5304.07,0
28,17,10,15375,2414.03,0
28,18,3,15375,2312.03,0
28,18,4,15375,1156.02,0
28,18,5,15375,816.01,0
28,18,6,15375,1190.02,0
28,18,7,15375,6725.29,0
28,18,8,15375,2978.44,0
28,18,9,15375,5086.47,0
28,18,10,15375,7208.09,0
28,19,3,15375,1849.62,0
28,19,4,15375,3495.25,0
28,19,5,15375,6772.89,0
28,19,6,15375,1659.22,0
28,19,7,15375,2577.23,0
28,19,8,15375,1067.61,0
28,19,9,15375,2019.63,0
28,19,10,15375,5623.67,0
28,20,3,15375,4324.86,0
28,20,4,15375,2624.83,0
28,20,5,15375,3597.25,0
28,20,6,15375,1251.22,0
28,20,7,15375,4868.86,0
28,20,8,15375,3345.64,0
28,20,9,15375,2271.23,0
28,20,10,15375,2284.83,0
28,21,4,15375,2754.04,0
28,21,5,15375,3148.44,0
29,12,3,15375,652.81,0
29,13,4,15375,1434.82,0
29,13,5,15375,1917.62,0
29,13,6,15375,618.81,0
29,13,7,15375,2250.83,0
29,13,8,15375,550.81,0
29,13,9,15375,278.8,0
29,14,4,15375,2087.63,0
29,14,5,15375,4188.85,0
29,14,6,15375,2033.23,0
29,14,7,15375,1761.22,0
29,14,8,15375,816.01,0
29,14,9,15375,1543.62,0
29,14,10,15375,1897.22,0
29,15,5,15375,3209.64,0
29,15,6,15375,1720.42,0
29,15,7,15375,1625.22,0
29,15,8,15375,1305.62,0
29,15,9,15375,605.21,0
29,15,10,15375,700.41,0
29,16,4,15375,8663.31,0
29,16,5,15375,6140.48,0
29,16,6,15375,4698.86,0
29,16,7,15375,2271.23,0
29,16,8,15375,3338.84,0
29,16,9,15375,1455.22,0
29,16,10,15375,2373.23,0
29,17,4,15375,3080.44,0
29,17,5,15375,6664.09,0
29,17,6,15375,6684.49,0
29,17,7,15375,8785.71,0
29,17,8,15375,7405.3,0
29,17,9,15375,8445.71,0
29,17,10,15375,2550.03,0
29,18,3,15375,1632.02,0
29,18,4,15375,761.61,0
29,18,5,15375,537.21,0
29,18,6,15375,1496.02,0
29,18,7,15375,4569.66,0
29,18,8,15375,3250.44,0
29,18,9,15375,3658.45,0
29,18,10,15375,8166.91,0
29,19,3,15375,2958.04,0
29,19,4,15375,2733.64,0
29,19,5,15375,6453.28,0
29,19,6,15375,1625.22,0
29,19,7,15375,2142.03,0
29,19,8,15375,1074.41,0
29,19,9,15375,1672.82,0
29,19,10,15375,5909.28,0
29,20,3,15375,4358.86,0
29,20,4,15375,2162.43,0
29,20,5,15375,4324.86,0
29,20,6,15375,1781.62,0
29,20,7,15375,4460.86,0
29,20,8,15375,2373.23,0
29,20,9,15375,1400.82,0
29,20,10,15375,2305.23,0
29,21,4,15375,2876.44,0
29,21,5,15375,2550.03,0
30,13,4,15375,1115.21,0
30,13,5,15375,2080.83,0
30,13,7,15375,2108.03,0
30,13,8,15375,489.61,0
30,14,4,15375,1509.62,0
30,14,5,15375,2074.03,0
30,14,7,15375,1176.42,0
30,14,8,15375,1264.82,0
30,16,4,15375,7010.89,0
30,16,5,15375,7126.49,0
30,16,7,15375,1768.02,0
30,16,8,15375,2658.83,0
30,17,4,15375,1958.43,0
30,17,5,15375,5202.07,0
30,17,7,15375,8792.51,0
30,17,8,15375,9526.92,0
30,18,4,15375,1292.02,0
30,18,5,15375,353.6,0
30,18,7,15375,2182.83,0
30,18,8,15375,3223.24,0
30,19,4,15375,3230.04,0
30,19,5,15375,4256.86,0
30,19,7,15375,1285.22,0
30,19,8,15375,965.61,0
30,20,4,15375,2237.23,0
30,20,5,15375,2754.04,0
30,20,7,15375,2339.23,0
30,20,8,15375,1346.42,0
